03 22 29 31 40 41
10 16 24 29 42 45
09 21 24 36 37 39
08 10 32 33 40 43
11 16 22 37 38 42
15 22 26 32 35 36
09 23 28 29 32 44
08 15 27 32 39 44
04 22 30 34 36 39
08 19 29 32 37 41
03 19 29 30 40 45
02 23 31 36 40 41
03 25 29 31 34 43
15 16 28 33 36 38
09 16 31 36 39 42
15 16 26 35 36 38
04 22 24 36 38 41
10 11 30 34 36 45
01 19 31 36 38 40
08 22 32 35 37 39
04 16 33 37 39 43
08 22 26 34 36 39
10 12 22 39 44 45
01 22 26 37 39 40
09 10 27 38 39 43
09 15 32 37 38 42
10 11 22 40 44 45
03 16 32 34 37 44
03 15 32 34 38 44
01 20 31 36 38 39
02 23 25 36 39 41
10 22 28 32 37 44
03 22 27 38 39 44
03 19 26 36 37 44
03 19 30 32 43 45
10 18 24 36 41 43
15 18 27 29 34 36
13 22 25 29 40 44
08 20 29 37 39 40
10 21 22 30 37 45
09 22 31 35 36 39
09 16 22 32 35 45
08 18 30 33 34 43
08 15 32 35 37 38
03 22 30 33 34 44
08 11 31 33 40 43
04 12 30 38 39 43
01 16 31 33 40 44
13 15 29 31 40 45
08 12 32 33 37 44
15 16 26 30 36 42
09 21 29 31 38 45
10 22 26 29 35 37
03 22 30 32 35 37
11 15 27 31 44 45
13 22 27 29 37 38
10 22 25 29 37 42
01 20 30 32 38 44
06 16 30 32 36 45
08 20 29 30 39 40
03 11 32 33 37 43
04 17 26 38 43 44
01 24 30 32 37 42
08 12 17 32 44 45
10 22 28 29 33 37
11 18 27 29 37 43
03 11 29 30 40 45
10 18 27 30 43 44
04 22 25 30 36 41
03 17 24 34 36 44
01 22 25 34 37 39
15 21 23 24 36 40
03 16 27 31 38 43
04 19 24 37 43 45
09 15 26 32 41 44
08 16 31 37 39 42
11 16 18 38 41 43
02 23 31 34 36 40
12 15 19 32 36 44
15 16 25 36 38 42
16 21 24 26 37 43
02 18 26 33 36 44
01 20 31 32 38 44
03 22 34 38 39 44
12 20 22 31 36 44
08 22 30 31 33 42
03 20 30 36 37 39
04 16 34 36 38 39
16 18 22 29 40 42
19 21 23 29 36 38
11 16 29 35 37 38
02 25 29 31 38 42
10 16 22 37 38 42
10 12 15 32 44 45
15 26 28 29 36 38
16 18 23 38 42 43
11 16 22 34 44 45
08 15 31 32 37 42
12 16 30 31 36 42
16 19 22 30 35 45
14 16 31 32 36 44
08 25 33 34 37 43
03 24 32 37 41 43
11 20 23 24 43 45
09 12 30 34 38 44
10 21 23 24 38 43
01 18 29 34 38 39
11 15 29 30 35 39
08 20 29 31 40 45
15 17 22 35 36 39
01 19 25 30 44 45
08 17 31 32 42 44
12 22 26 29 37 41
03 22 29 37 39 41
01 24 30 32 34 43
03 24 29 32 37 42
10 11 26 37 43 45
16 17 23 33 42 43
09 19 22 36 38 41
06 17 22 30 39 45
11 20 22 37 39 44
10 22 30 32 35 44
10 18 27 32 36 43
11 15 20 36 38 39
04 22 24 34 36 39
14 22 26 31 36 37
09 15 19 37 38 41
08 18 20 38 39 44
01 22 27 32 37 39
15 16 28 31 36 45
10 15 27 31 33 43
01 20 31 38 39 44
03 17 27 29 38 44
01 18 25 33 39 43
11 22 24 29 37 42
08 11 29 30 39 41
10 21 23 37 38 44
04 15 30 33 36 40
10 22 24 35 39 44
15 16 22 33 35 45
10 13 30 37 40 44
02 24 27 36 37 45
10 15 32 34 36 45
11 15 18 38 41 44
09 15 22 35 38 39
01 22 31 33 40 44
04 22 32 39 40 43
16 18 22 28 29 45
10 22 25 35 37 45
15 20 30 34 36 39
04 16 30 34 36 39
19 20 22 29 33 43
04 17 27 30 36 45
15 16 28 31 33 44
12 20 22 37 39 44
01 23 26 37 39 41
01 24 33 34 38 44
10 16 17 36 39 42
10 12 30 34 37 44
08 10 27 31 39 44
01 19 32 33 36 37
12 17 20 30 36 44
09 15 31 32 35 36
08 10 31 32 37 42
08 19 24 29 41 45
06 16 31 32 38 43
11 19 27 29 38 43
08 17 27 29 40 45
11 20 22 37 38 43
21 22 26 30 32 43
10 22 25 29 39 42
12 16 23 27 36 45
11 16 24 35 37 44
10 27 29 30 34 44
15 16 31 33 35 36
03 19 23 29 40 45
08 16 19 37 38 41
01 16 25 34 39 45
15 21 24 26 31 43
16 18 22 23 42 44
01 24 25 34 37 45
03 16 30 32 37 42
09 21 23 24 38 43
08 19 23 29 39 41
02 25 26 33 36 44
15 16 30 32 35 43
11 20 30 36 39 43
01 22 26 39 40 45
02 12 31 32 36 44
01 22 25 31 41 45
02 17 25 32 41 43
04 17 27 29 38 45
04 12 29 30 39 44
16 18 29 33 36 42
09 22 24 35 39 45
08 23 26 30 35 36
10 12 29 30 34 44
15 26 28 31 38 43
15 24 26 31 42 43
16 18 23 37 42 43
10 11 23 40 43 44
01 22 26 29 39 40
02 18 19 36 38 44
04 24 32 37 41 43
14 16 23 31 36 45
11 20 30 32 36 43
08 19 31 33 40 43
12 20 29 31 36 44
10 15 17 34 40 44
04 20 29 36 38 39
01 22 31 33 40 45
03 15 25 37 38 41
11 18 29 38 41 43
01 22 25 33 40 44
15 20 29 34 36 38
08 09 22 33 40 45
10 24 28 29 38 44
11 22 24 29 39 42
09 24 28 36 37 39
01 18 26 37 39 45
08 16 25 28 30 45
10 11 29 31 37 42
08 16 24 35 37 40
10 15 20 25 44 45
15 19 31 35 36 38
02 18 23 36 40 45
01 22 27 31 39 40
03 10 31 33 40 43
09 17 19 34 38 43
10 15 23 35 37 45
15 19 28 32 36 37
04 19 23 32 36 43
15 16 28 31 38 43
09 21 22 25 31 44
01 17 29 31 34 40
13 16 22 24 40 44
15 16 19 31 35 36
01 22 27 32 39 45
01 17 26 30 37 41
16 18 22 40 41 43
08 22 23 30 40 42
04 12 32 36 38 45
12 16 30 35 36 38
13 15 24 30 34 36
14 22 25 29 31 44
01 16 25 33 39 43
11 13 22 31 44 45
01 20 25 31 36 39
04 18 19 36 38 44
11 16 17 35 37 44
06 24 29 33 37 45
11 15 22 33 34 45
03 16 31 34 37 43
09 19 22 37 41 45
16 22 27 29 31 42
10 15 26 32 34 43
17 19 23 35 36 44
01 20 29 31 33 38
08 22 27 34 37 39
10 15 17 31 35 44
06 24 29 30 40 45
10 11 29 30 34 43
09 12 22 39 44 45
09 15 31 32 35 45
19 21 22 29 36 38
03 22 25 31 37 42
09 22 31 36 39 42
10 15 18 33 43 45
11 22 23 29 33 42
13 16 18 32 36 43
09 16 31 35 36 45
03 11 31 34 37 44
03 23 24 34 36 45
02 23 26 29 39 41
16 18 22 27 36 41
03 13 32 37 38 44
08 17 19 29 40 45
17 26 28 29 38 43
10 15 24 32 35 44
01 22 26 30 34 39
08 11 27 31 39 44
10 28 29 31 36 39
03 17 27 36 38 44
16 18 20 22 40 43
11 19 30 34 36 44
04 18 29 30 36 41
11 20 29 36 39 44
12 18 24 29 41 43
09 16 30 39 42 45
09 16 22 35 39 45
10 12 22 32 44 45
03 22 23 31 37 42
11 22 29 31 37 42
19 20 22 29 38 43
09 17 24 36 39 42
08 16 27 31 39 43
10 18 20 36 44 45
10 20 29 31 34 36
01 22 27 31 32 44
02 22 31 32 34 43
16 18 29 32 36 42
12 16 28 29 37 38
06 23 24 32 43 44
10 16 32 37 42 44
06 17 25 30 39 43
02 20 29 31 36 39
14 16 29 32 37 44
16 17 22 35 44 45
11 20 24 30 43 45
01 16 30 34 37 40
03 18 19 36 38 44
16 17 32 35 36 43
11 16 23 36 39 42
10 18 21 30 37 44
09 18 24 29 41 43
10 11 29 30 37 42
09 21 26 29 37 38
06 22 26 37 38 45
03 16 30 31 37 42
04 12 25 36 38 45
09 11 23 34 36 45
08 10 19 37 40 45
15 20 25 26 43 44
04 22 26 31 43 45
11 12 16 36 39 45
09 19 29 31 38 42
01 22 27 32 33 37
15 17 22 35 39 44
03 10 29 32 37 41
04 10 23 33 39 43
08 22 24 35 37 40
03 22 26 39 44 45
15 20 27 29 36 39
10 20 25 29 33 43
03 20 30 36 37 40
15 19 23 28 38 44
12 15 17 34 37 44
10 15 23 30 40 42
11 16 34 36 39 44
10 17 23 38 42 43
04 22 27 36 37 39
04 19 22 36 38 40
09 18 23 32 42 44
16 18 22 28 29 44
01 20 29 31 32 40
04 17 24 37 41 43
01 16 30 33 39 41
01 19 24 37 38 41
09 16 18 32 36 42
09 16 30 35 39 45
09 23 32 35 39 43
09 23 29 32 42 44
15 20 30 32 34 43
11 22 28 29 33 37
15 20 23 32 34 43
01 16 27 30 39 40
01 17 31 32 34 43
03 18 24 36 37 41
03 20 24 36 37 39
03 17 31 36 41 44
13 15 16 24 40 44
02 17 30 32 41 43
10 15 18 34 36 45
10 15 32 34 36 44
08 11 31 40 44 45
04 17 30 32 41 43
11 21 23 29 32 44
10 17 32 36 37 42
16 18 22 23 42 43
01 19 23 25 40 44
04 09 23 36 39 40
04 15 31 36 38 41
08 18 28 31 37 44
03 15 25 34 37 45
04 12 30 31 43 45
04 16 18 30 40 43
02 18 33 38 39 43
10 22 29 33 37 42
13 16 17 33 44 45
08 16 26 35 37 38
15 20 27 29 31 36
15 16 28 31 33 43
15 19 23 32 35 36
17 23 28 30 34 43
03 18 32 34 36 44
13 18 22 29 37 40
09 17 22 34 44 45
14 17 25 31 36 44
09 15 24 30 40 42
09 11 29 31 38 42
15 16 17 35 39 44
09 18 24 28 30 43
10 22 26 37 38 42
03 22 33 34 38 44
03 11 23 29 40 45
10 25 29 36 39 42
09 16 28 30 32 43
15 22 26 35 37 38
04 12 31 32 37 43
08 20 22 24 39 44
03 11 26 32 37 43
15 16 25 31 42 44
03 10 30 32 41 44
10 20 29 34 36 38
09 21 23 29 32 44
08 11 30 33 44 45
15 24 28 31 33 43
10 12 29 30 37 41
01 15 26 31 33 44
04 11 31 36 39 45
08 24 26 29 36 41
12 15 23 27 32 43
10 19 20 23 37 43
15 25 26 29 37 42
15 22 26 35 36 39
10 15 28 32 38 44
01 17 22 32 37 41
01 16 30 31 38 42
10 17 21 31 36 44
02 16 30 31 38 42
01 20 24 31 38 44
13 16 22 29 39 40
09 16 18 31 36 42
09 17 30 32 42 43
12 16 22 35 37 38
04 12 25 30 36 45
09 11 24 27 37 43
02 10 27 32 38 44
01 18 22 25 40 45
13 16 24 27 30 43
09 16 24 30 42 45
02 17 22 34 37 40
09 19 22 27 32 43
09 11 17 32 41 43
09 11 18 37 41 45
08 22 23 31 33 42
09 11 20 37 39 45
15 21 24 33 37 45
09 18 28 30 32 43
03 15 32 34 37 44
10 17 21 24 36 44
08 19 24 29 36 41
09 18 28 30 38 43
09 19 23 36 40 41
08 11 29 30 34 40
12 17 22 29 41 44
09 15 28 32 37 38
03 23 31 34 36 45
09 15 32 35 38 44
04 12 25 36 39 45
08 17 19 33 40 43
16 22 27 32 41 43
10 12 22 33 37 44
11 22 27 32 40 43
08 18 20 25 39 43
04 19 23 38 43 44
04 10 25 36 39 45
01 12 25 30 37 45
03 22 26 32 34 44
08 23 27 34 37 44
03 16 22 32 34 44
03 13 24 37 39 45
08 19 25 29 33 43
01 17 22 31 34 45
10 22 25 37 42 45
11 20 22 33 38 43
09 21 23 31 36 44
15 20 29 34 36 39
06 19 24 30 36 45
11 20 23 36 40 44
10 22 23 37 42 44
08 19 26 29 38 43
11 15 23 30 40 42
08 17 20 29 39 40
04 16 19 37 39 43
09 10 22 27 39 44
03 15 26 31 37 41
10 21 23 31 36 44
10 12 29 33 39 44
07 17 29 31 38 44
08 18 27 33 37 43
08 19 24 27 37 43
12 20 30 32 43 45
11 13 23 31 36 45
08 18 31 32 42 44
03 13 24 30 37 45
09 24 25 39 42 43
16 18 22 28 44 45
13 17 26 38 43 44
12 22 23 37 41 45
08 15 27 32 37 44
08 17 20 29 37 40
08 16 19 29 37 41
06 18 24 31 36 44
09 26 28 31 38 43
01 19 25 31 34 44
08 16 31 38 40 42
09 14 23 30 38 40
14 16 22 25 31 44
02 15 27 32 38 44
01 19 25 37 38 41
13 22 26 31 43 45
01 20 25 31 33 44
06 19 24 29 36 38
04 10 24 33 40 43
08 19 26 31 36 43
11 17 30 35 44 45
13 16 22 33 44 45
10 17 23 34 43 44
01 17 26 37 39 41
03 18 22 30 40 43
04 19 26 30 36 43
12 17 22 39 41 44
02 17 22 29 34 40
08 17 21 25 30 45
10 21 24 37 39 44
12 21 23 32 37 44
15 16 27 32 43 45
15 16 23 28 38 43
09 12 24 30 37 42
15 26 28 31 33 43
15 18 21 23 30 43
09 12 23 30 38 42
17 20 29 33 40 43
01 19 25 31 36 45
11 22 24 37 40 42
06 09 24 30 38 44
11 22 23 30 40 42
06 16 18 30 32 43
03 18 28 29 31 37
12 16 22 25 36 41
06 17 22 32 38 45
16 17 23 38 42 43
10 16 26 30 42 45
10 21 23 33 37 45
04 12 24 30 43 45
16 17 26 38 42 43
09 11 27 30 33 43
11 16 24 35 44 45
09 10 24 39 42 45
06 08 24 32 38 45
08 11 29 32 40 41
15 18 20 25 36 44
10 17 22 27 43 44
01 09 27 31 32 45
13 18 26 29 31 43
08 11 19 37 38 43
11 22 29 32 35 40
08 11 12 31 39 44
18 22 23 33 42 44
08 12 19 30 32 43
10 23 25 39 42 43
09 15 22 26 35 38
10 16 30 33 42 44
12 16 23 27 36 43
03 20 25 36 38 40
09 18 31 36 41 44
09 10 22 25 41 45
08 19 26 29 30 41
17 20 24 36 37 42
03 19 26 30 40 43
10 13 26 36 37 45
09 16 30 32 42 43
09 14 23 30 39 40
08 19 23 29 33 41
01 17 19 32 33 43
08 09 23 32 34 43
08 15 26 28 31 37
14 23 26 36 38 45
09 11 18 27 37 43
10 16 22 24 35 44
09 19 26 34 38 43
11 16 26 29 35 37
02 10 18 33 39 43
08 18 24 35 39 44
10 15 26 29 39 41
03 13 26 31 37 45
04 17 24 30 42 45
06 18 23 31 36 43
03 10 24 34 37 45
13 16 22 27 37 38
09 10 15 27 39 44
02 15 24 36 40 45
09 22 26 35 38 45
08 12 22 25 33 44
09 15 21 31 32 44
03 13 26 30 38 45
08 12 30 32 43 45
09 19 23 32 34 43
03 09 24 37 39 41
01 16 29 30 34 40
10 18 23 36 41 43
11 14 22 23 31 45
11 22 25 37 42 45
01 17 29 34 39 40
10 14 26 29 30 37
02 09 23 32 34 45
06 16 19 30 39 45
16 21 24 37 40 44
14 18 23 36 38 40
01 11 24 25 40 44
06 17 24 31 36 44
08 20 25 31 36 40
13 16 24 30 43 45
10 12 22 25 36 41
09 10 27 30 34 44
02 17 20 30 33 44
09 24 29 38 40 42
06 17 24 31 36 41
06 22 23 31 36 40
09 15 29 30 38 42
10 15 22 26 35 37
04 09 27 30 32 44
01 18 29 30 34 40
16 17 22 36 42 44
11 19 23 34 43 44
15 20 22 33 34 45
14 16 25 36 38 40
09 11 19 32 40 43
09 12 26 32 40 43
08 11 20 24 39 44
10 17 26 28 38 43
11 18 22 29 41 43
03 17 22 33 40 45
09 10 24 33 35 44
03 15 19 25 40 44
03 15 18 32 34 44
09 15 25 29 30 42
06 18 23 29 31 43
03 12 26 36 38 45
15 18 25 29 36 42
03 22 26 34 39 44
04 15 18 32 36 44
10 13 26 29 39 44
08 10 17 32 37 42
11 25 29 31 42 43
03 12 22 33 39 45
11 15 24 30 40 42
12 15 22 26 36 44
10 12 29 32 37 41
03 09 25 31 34 43
09 15 19 32 38 42
03 16 24 35 39 45
08 19 23 29 40 43
04 09 24 31 41 45
03 10 22 31 40 44
01 15 25 33 40 44
01 17 31 36 40 44
09 15 17 35 39 40
09 15 27 32 37 44
01 17 31 33 43 44
02 18 22 30 40 43
03 16 17 32 37 42
01 20 24 30 32 43
09 18 24 29 40 42
04 17 22 33 34 45
01 16 27 31 40 45
01 11 23 36 38 40
04 21 23 31 38 44
06 19 25 31 36 45
13 16 27 31 39 43
01 11 25 30 33 44
12 15 25 29 30 42
03 17 20 29 37 40
03 19 22 33 40 44
03 18 22 33 34 44
04 11 16 34 38 45
01 10 24 30 39 41
09 10 19 30 38 42
06 09 17 30 39 45
01 17 26 30 31 42
12 15 26 31 36 44
11 15 26 28 37 38
09 11 19 26 37 43
08 17 18 35 37 40
16 17 23 28 34 43
09 10 21 24 38 44
03 15 19 32 37 43
11 17 30 34 41 43
03 17 22 24 39 42
10 23 26 30 35 44
12 17 30 32 41 43
09 11 16 32 35 45
09 10 15 32 34 44
12 16 24 27 34 43
10 14 23 26 30 45
03 16 17 27 39 43
06 10 17 30 39 45
09 17 22 35 39 40
06 17 22 30 32 41
08 12 22 33 37 44
01 15 27 31 32 44
09 10 22 27 39 41
10 22 25 37 39 42
02 16 22 36 38 41
04 10 18 33 39 43
04 15 18 36 38 44
03 09 26 31 36 44
10 12 25 29 30 42
10 12 29 34 39 44
09 17 21 22 39 40
10 13 26 29 33 44
07 24 29 32 37 40
14 15 26 31 37 45
03 11 27 31 38 43
07 18 25 30 37 44
03 16 17 32 35 45
02 17 20 23 37 45
03 11 23 36 38 40
01 18 23 34 37 44
02 18 27 37 40 45
02 18 31 36 41 44
06 16 17 30 38 41
01 16 19 32 39 45
14 15 25 29 36 38
04 17 20 29 36 39
15 16 30 38 40 42
06 08 24 31 37 44
10 21 23 31 36 40
04 12 18 32 36 45
03 11 29 31 34 44
10 12 22 25 41 45
03 15 18 23 41 45
03 08 25 31 39 43
10 11 24 31 42 43
09 18 23 33 42 44
08 19 23 28 33 37
12 16 21 22 38 39
01 18 30 36 40 44
08 19 23 34 37 43
08 17 19 26 38 43
08 16 22 25 35 39
09 18 28 30 32 44
11 22 23 33 42 45
10 11 24 40 43 44
03 17 21 31 32 44
06 09 26 31 39 45
08 12 24 37 39 44
09 22 26 35 39 45
02 19 22 24 38 41
09 16 22 32 35 41
03 15 18 33 34 45
04 08 24 32 38 43
08 16 27 29 37 41
10 22 26 36 37 42
10 13 22 25 40 44
12 16 22 23 34 43
17 22 25 35 36 40
15 22 24 35 36 40
08 16 23 27 43 45
04 09 23 31 40 44
02 10 23 30 38 42
01 19 26 27 31 44
09 15 29 31 36 42
07 24 29 30 39 40
09 16 21 31 33 45
03 12 23 37 38 44
07 16 17 30 32 44
08 11 17 27 40 45
09 15 20 32 34 45
08 11 19 37 39 43
09 12 23 27 37 45
09 15 32 34 43 45
16 17 23 36 39 42
03 16 26 28 37 38
03 15 22 23 41 45
09 14 16 24 37 45
09 18 26 28 32 43
09 20 29 31 33 45
03 11 32 37 39 43
01 18 19 30 38 44
02 16 23 25 39 42
03 09 19 30 40 44
14 15 23 26 30 40
03 13 26 32 38 44
06 10 25 32 36 45
06 23 26 37 38 45
01 18 20 24 39 44
02 15 19 25 40 44
09 17 27 28 30 36
08 18 22 25 35 40
10 11 29 30 34 41
16 18 23 36 42 43
06 24 26 30 32 43
10 21 26 31 36 44
10 13 22 23 39 41
10 13 22 25 33 44
14 16 22 31 36 44
15 16 23 28 37 43
06 09 18 31 39 45
15 25 29 31 34 42
06 15 18 29 31 45
09 11 29 34 38 41
03 11 27 31 39 44
04 13 24 29 37 45
03 11 23 30 34 45
07 23 24 31 37 45
06 12 24 31 37 44
09 10 13 30 33 45
15 16 22 26 35 38
10 12 29 30 33 44
08 11 17 34 37 40
04 16 18 32 36 43
06 09 24 29 38 40
13 18 26 31 36 43
03 15 25 26 37 41
08 19 25 26 39 43
08 09 26 31 39 42
03 09 20 31 39 44
12 15 20 25 36 38
03 11 25 34 38 44
01 18 25 27 40 45
02 15 24 26 35 39
02 19 22 33 40 44
06 12 23 25 36 38
01 11 24 25 40 43
09 13 26 30 40 44
03 09 23 32 34 45
02 16 20 30 32 45
01 12 24 25 37 41
04 10 25 30 39 43
01 18 19 31 37 44
01 16 27 31 39 40
01 11 23 26 39 45
09 12 15 27 32 45
07 15 24 30 32 40
03 15 29 32 34 44
03 09 27 31 38 43
11 16 21 24 40 44
16 19 22 33 36 42
15 17 20 22 35 38
03 13 26 30 37 45
03 16 26 28 30 37
02 18 26 30 38 43
03 11 20 37 38 40
10 18 20 23 36 43
08 19 26 29 31 43
08 11 16 31 35 40
03 13 17 26 38 44
04 13 26 32 37 44
09 18 28 31 39 44
08 13 22 24 32 44
01 12 23 33 37 40
06 09 16 30 39 45
03 15 25 28 37 38
04 13 24 29 33 37
10 15 23 26 35 37
09 10 24 30 37 42
15 16 30 33 40 42
15 25 29 31 36 42
15 17 23 30 40 42
01 20 30 31 33 45
08 18 22 24 35 36
03 15 17 32 35 40
10 11 22 33 37 41
04 12 16 30 36 45
04 18 30 32 41 44
03 09 24 28 37 39
02 11 20 24 39 44
09 13 17 27 30 45
09 10 19 23 34 43
10 22 25 33 37 42
01 16 25 31 33 42
09 19 21 37 38 45
03 13 16 24 39 45
03 15 19 25 38 43
15 21 22 36 38 45
08 17 20 27 30 36
01 09 25 32 34 44
06 10 24 30 38 45
04 08 24 32 40 43
06 23 26 30 40 44
02 17 30 38 40 42
10 17 27 29 40 45
06 09 17 26 39 45
08 16 27 31 38 42
07 24 25 37 39 44
04 13 24 29 39 45
09 12 27 30 37 41
10 12 24 37 40 44
03 13 26 32 37 44
03 13 31 37 40 45
15 16 24 30 40 42
11 15 21 23 32 36
04 09 27 30 39 44
02 10 18 31 36 41
09 14 29 30 38 40
09 11 24 27 33 43
01 19 24 27 37 38
03 10 25 28 30 45
01 18 23 27 33 45
03 12 22 33 39 44
03 10 24 34 37 41
02 11 20 31 39 44
03 09 23 31 34 45
06 11 23 29 33 37
12 15 24 36 40 44
09 10 23 33 35 44
08 18 20 24 35 37
01 12 23 30 33 45
03 10 26 28 37 38
01 15 17 26 39 45
02 18 22 36 37 40
03 08 22 30 32 41
02 13 16 31 33 45
08 16 27 31 36 44
01 16 19 24 37 41
09 16 18 22 28 45
03 15 23 26 35 39
06 12 23 32 37 44
04 09 20 24 39 45
11 20 23 36 38 40
03 06 24 31 37 44
04 10 24 36 38 43
16 18 22 26 35 45
12 16 20 22 34 37
02 09 18 26 38 43
04 16 22 24 35 37
01 15 18 27 38 39
04 21 23 32 38 44
03 10 22 23 34 44
03 11 19 34 38 44
06 09 18 23 38 45
09 10 18 28 30 44
18 21 23 30 40 44
01 16 24 27 34 37
06 16 22 25 40 45
01 16 22 32 34 44
01 17 24 26 37 41
08 09 12 25 39 44
08 12 26 27 36 38
01 12 25 27 32 45
15 16 23 30 40 42
06 09 23 30 39 40
10 11 23 34 36 43
03 09 22 24 34 45
01 15 26 29 33 39
10 15 23 30 42 43
03 13 24 26 36 37
03 17 26 34 38 44
02 17 22 31 35 45
03 22 32 33 43 45
10 15 26 28 33 36
09 13 18 29 33 36
08 18 20 27 30 36
01 12 17 31 33 44
07 10 24 32 38 44
11 26 29 31 37 42
03 15 18 23 40 41
01 15 19 26 37 39
04 15 17 31 43 44
04 09 19 23 38 43
09 15 18 22 35 39
09 11 19 34 38 43
04 10 18 24 41 43
08 09 22 29 34 40
16 18 22 29 42 43
01 12 16 31 37 40
04 10 22 25 33 43
02 10 24 30 34 43
16 19 26 30 42 43
04 09 17 29 38 41
03 16 21 23 37 38
02 15 16 27 32 45
06 10 26 30 39 44
09 18 19 31 35 44
12 20 26 31 36 43
04 18 25 30 41 44
09 13 16 22 33 45
09 13 18 25 29 43
03 09 24 30 34 43
02 17 29 32 35 40
09 12 16 22 37 41
01 13 23 24 38 40
01 12 26 29 30 39
09 12 16 22 34 45
16 19 23 27 41 43
13 18 26 32 36 43
09 17 33 34 43 45
01 10 25 27 32 45
03 16 17 29 32 42
01 19 23 27 31 44
01 16 23 28 32 38
09 14 22 25 39 40
03 15 22 24 38 42
01 12 23 29 33 39
11 21 22 30 37 39
03 10 15 31 37 41
03 13 25 29 37 40
02 11 18 30 33 43
03 15 26 39 41 45
08 09 22 24 35 39
04 13 17 23 37 44
03 11 24 37 40 41
09 12 17 22 34 44
04 09 25 27 30 44
17 21 26 31 36 44
09 13 18 26 29 44
03 09 26 29 34 38
01 08 25 31 33 44
15 21 24 31 36 43
11 12 22 27 36 40
06 11 22 23 31 45
02 10 24 25 35 44
03 13 26 29 32 45
06 18 23 31 36 40
02 09 22 31 38 41
08 11 20 24 37 40
03 11 30 37 39 41
03 09 17 31 36 41
06 10 24 30 34 45
08 09 23 27 37 45
04 15 20 25 36 38
15 19 28 32 38 44
04 12 16 30 32 43
12 15 20 30 36 38
03 13 22 25 31 45
03 19 25 37 44 45
08 11 15 27 31 44
10 21 26 29 37 38
04 15 16 27 36 38
17 20 21 31 36 44
11 22 23 35 40 45
07 10 24 32 39 44
01 16 18 30 40 43
11 22 27 32 41 43
09 15 17 22 35 40
01 11 18 32 33 43
03 13 17 26 37 44
04 09 23 27 36 39
01 16 22 25 31 42
10 12 29 30 33 42
06 10 22 23 39 40
02 11 22 24 38 41
08 10 17 23 37 42
04 09 29 33 39 44
08 12 23 27 37 38
09 14 17 31 36 38
09 15 24 30 35 41
07 16 17 29 32 38
14 25 29 36 38 40
11 15 16 24 35 45
12 20 26 32 36 43
03 16 22 34 37 44
03 13 30 33 38 45
15 23 26 31 36 42
08 16 23 27 29 41
02 12 30 32 37 41
08 15 17 25 37 42
03 19 23 27 36 45
07 16 24 25 37 44
11 21 22 24 39 44
03 11 16 37 39 41
08 09 23 27 34 37
09 15 23 30 35 43
10 12 23 26 35 36
19 22 23 29 35 43
10 11 22 35 37 39
10 22 26 31 37 42
17 22 26 35 36 39
15 16 23 28 31 41
15 16 23 30 42 43
16 17 26 36 42 44
08 16 19 23 27 43
11 12 29 33 36 38
02 18 23 27 34 44
09 10 29 40 43 45
10 11 22 23 35 40
03 13 33 37 38 45
10 14 26 29 37 38
10 15 23 37 42 44
02 12 30 31 39 41
08 20 25 29 33 43
03 08 30 33 34 40
04 25 29 36 38 40
01 18 30 33 36 39
03 13 30 33 37 45
04 16 23 32 39 42
02 12 30 31 39 45
01 20 22 25 38 40
04 08 18 30 39 44
11 14 16 17 38 45
10 12 30 36 39 44
02 16 32 35 39 45
06 15 22 31 38 45
02 12 30 31 36 43
21 23 26 31 36 43
09 10 28 30 33 37
15 19 21 22 32 36
03 17 18 27 36 41
08 20 25 29 33 37
14 15 17 31 33 44
01 12 30 33 36 39
11 21 22 37 39 44
03 16 22 37 38 42
06 10 17 30 38 41
09 14 17 25 36 38
02 16 17 28 39 40
10 23 26 35 36 37
04 18 30 36 39 44
06 08 31 32 38 45
03 20 22 24 39 41
01 22 25 32 33 42
02 18 22 27 36 37
03 13 24 30 33 45
03 08 27 30 33 34
01 25 26 31 34 43
03 15 23 40 41 44
10 15 20 23 30 42
11 12 23 29 38 42
03 16 22 34 37 38
08 19 28 32 36 37
03 16 26 31 36 43
01 23 30 32 34 35
09 14 17 26 33 36
06 11 22 24 30 45
06 08 18 31 38 39
01 22 30 32 33 42
07 16 24 32 37 44
03 13 24 29 33 37
08 19 25 28 36 37
02 19 25 28 30 45
06 19 22 29 37 45
14 16 17 26 38 45
09 14 16 17 38 45
16 21 22 23 38 44
03 22 33 37 38 42
03 25 29 36 38 40
09 10 33 36 40 43
03 11 24 37 39 41
03 11 13 30 33 45
01 22 25 29 34 37
06 11 15 24 39 40
09 14 17 26 36 38
09 19 28 37 38 43
12 22 30 37 39 41
04 23 27 29 31 36
01 30 33 34 36 39
01 23 25 36 38 40
02 15 19 24 34 36
16 22 23 27 29 41
03 14 16 31 39 40
12 18 23 28 30 44
01 16 19 25 41 45
03 23 24 27 34 43
09 21 22 34 37 38
10 12 17 29 33 44
08 17 26 36 39 42
01 22 32 33 39 42
08 17 21 27 31 38
03 20 22 25 38 40
07 09 24 25 29 38
03 08 15 30 33 34
02 12 23 31 33 42
06 16 22 37 38 41
03 25 27 29 38 40
01 23 31 33 37 40
01 19 20 24 38 40
20 22 26 36 37 39
02 13 23 25 38 40
08 17 20 22 27 37
03 20 22 24 31 41
03 16 23 24 35 36
09 14 16 17 33 36
14 18 20 23 36 37
01 19 20 22 24 40
11 13 23 36 43 45
06 23 24 32 38 44
10 15 30 33 34 37
07 15 26 30 37 39
10 15 20 28 29 31
03 09 34 37 38 39
06 09 18 31 34 45
01 22 26 31 37 42
03 17 20 30 31 44
10 16 26 33 36 41
02 06 18 24 30 45
15 18 20 23 28 36
11 13 20 23 31 44
14 17 33 36 38 40
14 15 16 25 31 43
04 08 18 24 39 44
03 20 29 38 40 43
04 10 18 30 39 44
02 10 20 23 34 37
02 17 28 29 39 40
06 15 16 20 31 39
08 17 18 24 28 45
01 16 30 33 36 39
09 18 26 29 38 43
01 02 23 25 27 40
10 15 18 30 34 41
04 09 20 33 39 44
20 23 28 30 40 44
03 09 12 33 36 37
01 16 22 32 33 42
13 16 26 30 38 45
01 11 16 17 35 39
17 18 21 27 29 45
03 08 30 32 34 43
07 29 30 31 38 44
04 06 25 26 31 43
10 22 28 34 37 44
03 10 13 30 33 45
06 10 17 18 29 43
07 16 17 32 44 45
07 24 29 32 34 38
04 11 28 31 39 45
06 08 10 17 37 38
08 09 30 34 35 39
08 17 21 27 31 36
09 20 21 22 31 37
09 10 14 17 33 36
11 21 22 30 32 39
03 04 17 18 36 41
14 16 18 20 23 36
20 22 26 35 36 37
07 17 22 32 44 45
01 21 24 25 34 37
07 16 17 19 23 45
20 22 26 33 36 38
13 18 20 22 23 36
01 24 33 38 40 42
01 08 13 18 32 39
07 26 29 37 39 44
03 15 22 25 33 45
03 10 31 35 36 37
09 15 17 34 35 45
01 04 26 29 38 39
06 12 22 23 26 36
17 22 27 28 29 40
08 20 24 35 38 40
10 20 23 34 37 38
01 11 17 24 35 39
01 11 15 18 36 45
03 10 22 34 36 44
03 19 25 28 37 45
13 25 26 28 29 36
03 08 09 27 29 37
04 15 16 24 35 36
04 13 23 29 31 39
11 13 15 16 27 45
04 14 23 30 34 38
11 21 22 27 30 39
10 15 17 22 35 43
01 23 25 33 38 40
04 09 26 31 32 44
01 09 18 29 38 43
03 10 24 35 36 37
10 11 12 29 33 44
09 16 27 35 39 45
01 02 11 31 33 37
15 21 25 26 30 42
08 14 15 17 31 33
03 09 15 27 29 36
10 22 24 27 39 42
10 19 28 38 43 44
09 13 28 31 37 39
12 16 30 39 41 42
03 04 17 20 31 44
11 13 15 16 36 45
08 21 26 31 36 43
02 09 10 20 22 44
01 03 17 19 31 44
09 17 27 35 38 43
03 29 32 38 39 42
06 20 26 29 36 38
11 13 20 31 44 45
01 17 22 31 34 37
03 16 18 24 40 42
02 10 25 26 27 43
10 13 17 22 29 40
07 11 23 31 33 38
09 11 13 20 31 44
11 14 25 27 36 38
10 11 27 31 39 44
04 08 25 26 27 45
02 20 25 31 32 36
12 16 30 32 37 41
16 21 22 23 29 44
08 20 27 29 37 43
16 17 28 35 37 40
01 19 28 31 38 44
03 15 20 22 24 28
13 15 16 26 35 39
08 11 19 28 30 45
01 13 18 26 30 38
01 08 19 20 24 40
16 18 21 24 40 44
07 09 11 31 33 38
08 10 21 23 24 43
09 18 20 35 39 45
11 15 24 34 35 45
13 14 16 17 38 45
04 08 23 25 33 42
14 15 16 25 38 43
06 08 10 23 24 43
03 18 31 32 42 45
08 14 16 17 38 45
03 08 26 32 34 43
13 26 29 31 37 40
03 09 29 33 36 37
03 21 22 23 32 44
14 15 25 28 29 31
07 19 23 24 40 45
14 15 23 30 34 43
06 12 18 29 31 39
14 16 25 28 29 30
03 17 20 26 31 44
06 18 22 26 43 44
02 10 11 31 33 44
01 11 13 22 24 40
10 15 17 20 23 42
01 19 23 30 34 35
01 09 10 12 29 40
11 12 14 29 33 38
12 16 21 22 23 44
03 04 16 27 38 39
03 10 32 35 36 37
01 03 18 30 33 39
14 19 20 29 38 40
01 02 16 22 34 39
02 06 08 17 30 38
03 18 26 29 32 36
04 11 24 25 42 45
08 13 20 22 24 36
04 08 12 25 27 45
07 26 32 37 39 44
16 18 24 25 42 44
16 23 26 27 29 41
09 15 19 22 35 36
03 15 23 35 36 37
14 17 26 33 36 38
02 18 25 26 27 43
03 04 19 22 27 37
11 12 13 29 33 44
01 22 32 33 42 45
02 09 25 26 27 43
04 08 23 25 27 35
03 12 23 28 30 44
01 10 18 30 36 44
04 09 11 22 25 42
06 12 30 31 35 38
01 04 19 29 38 39
06 10 24 26 37 38
06 19 26 37 41 45
02 15 24 35 36 40
16 20 26 27 36 42
09 15 19 21 22 36
02 06 08 18 31 38
04 15 22 24 35 36
01 06 18 31 32 34
01 20 22 26 36 37
09 17 19 34 35 45
04 22 27 28 39 40
03 16 21 22 23 34
04 08 18 20 24 45
09 11 14 17 36 39
03 13 32 38 39 42
01 14 23 25 38 40
13 15 23 26 31 35
11 14 15 16 25 45
03 12 15 30 34 36
01 18 26 28 34 38
04 06 17 25 26 43
08 10 15 24 27 42
04 09 21 23 33 39
20 22 26 27 36 39
08 10 15 22 24 42
03 11 20 37 39 41
01 08 17 26 34 39
04 06 23 26 29 33
01 15 31 32 34 42
02 08 15 22 25 35
21 23 26 36 40 41
01 03 24 30 36 39
04 21 33 34 37 38
02 09 10 22 35 37
08 14 17 26 36 39
20 22 26 32 36 37
03 12 17 20 31 44
10 21 26 34 36 41
01 18 20 30 32 35
10 20 21 23 34 37
09 10 18 21 27 44
02 08 17 31 34 38
06 11 15 24 34 39
10 15 23 41 42 44
04 09 23 33 38 39
09 14 17 27 36 38
09 17 26 33 36 38
02 21 26 30 32 35
16 20 26 36 37 42
15 16 26 31 38 41
16 19 23 27 29 41
06 10 17 20 37 38
03 08 10 30 33 34
12 14 15 18 29 39
07 10 24 29 30 34
02 08 25 26 27 44
02 19 31 34 35 38
01 24 25 35 44 45
03 07 11 31 33 38
03 04 23 24 27 43
12 15 20 30 35 38
07 27 30 36 38 44
20 22 26 36 37 38
01 11 13 24 31 40
04 08 10 16 36 43
01 09 21 31 32 40
02 12 20 23 28 30
04 18 20 29 36 41
01 18 20 30 35 38
03 20 24 33 35 37
10 13 15 26 35 39
11 12 28 29 33 38
07 17 26 32 44 45
04 22 31 35 43 45
01 14 15 17 31 33
03 21 36 38 39 43
01 03 20 30 33 39
04 14 16 17 38 45
10 17 31 33 41 44
03 04 12 15 34 40
07 16 18 24 35 38
08 15 28 33 37 43
01 11 32 33 35 40
07 19 26 29 37 39
03 04 19 22 27 41
01 17 18 24 39 45
04 08 18 24 28 45
18 22 25 31 35 45
03 08 20 22 24 41
08 10 22 31 42 43
01 03 25 29 34 37
13 15 19 21 26 45
04 10 18 21 40 45
11 22 27 28 38 40
03 04 12 19 22 45
03 13 20 21 31 37
03 11 34 37 39 41
03 04 12 15 29 34
08 17 27 35 38 43
08 13 19 22 27 40
09 19 26 35 37 38
03 10 15 26 34 38
04 10 18 21 36 37
04 15 21 29 33 39
09 18 24 35 39 45
01 04 08 17 30 43
04 06 23 25 26 43
03 16 21 31 36 43
03 10 14 16 19 36
11 14 15 17 23 40
14 17 19 22 40 45
03 17 18 24 36 41
07 09 10 12 30 38
02 10 20 23 34 40
08 14 16 18 21 31
03 08 13 15 27 32
08 10 28 30 43 45
02 08 13 18 32 38
07 08 18 26 32 37
03 14 22 32 33 45
11 13 20 24 31 44
06 10 31 35 39 40
04 11 22 27 28 40
03 10 14 15 24 36
08 17 27 28 29 40
02 04 21 22 25 33
07 08 18 19 32 37
03 18 23 24 27 43
03 04 09 30 36 38
04 15 20 21 33 39
08 15 17 19 38 44
06 22 31 35 39 40
02 03 09 15 29 41
10 13 27 31 37 41
08 15 19 21 25 34
02 08 10 26 27 44
07 18 19 23 33 45
06 20 36 38 39 43
01 03 16 30 36 39
04 09 10 12 36 40
01 20 26 31 34 43
08 12 15 27 29 45
09 18 31 35 39 45
06 20 26 29 38 45
03 04 16 31 38 40
07 16 17 26 30 40
09 18 20 21 27 44
14 16 22 25 31 37
14 18 20 23 36 40
12 16 26 30 35 42
04 11 28 31 39 42
08 16 17 26 38 45
01 03 16 17 26 42
03 16 32 37 38 44
03 12 20 22 24 41
04 21 22 33 34 38
13 15 17 19 44 45
03 07 18 24 29 32
08 17 22 31 34 37
04 09 26 31 42 44
03 13 24 31 33 37
02 04 22 23 31 34
02 06 08 17 31 38
01 10 12 21 24 40
04 06 08 18 24 45
03 15 25 29 32 44
03 06 18 22 24 35
08 15 17 19 36 44
02 07 09 17 22 33
03 13 27 32 38 42
11 12 25 29 35 42
02 08 19 32 38 42
01 13 18 26 28 38
12 15 17 28 43 44
13 18 26 29 37 40
09 28 30 34 35 39
02 07 16 31 37 38
07 11 23 25 30 40
03 04 16 27 35 40
06 18 22 31 35 40
04 06 20 23 28 30
04 18 19 24 37 45
12 16 27 28 30 42
02 08 16 23 28 45
07 11 17 18 29 44
12 21 26 31 36 43
03 04 08 17 30 43
08 09 20 25 29 35
08 17 20 22 27 35
04 08 24 25 34 35
03 18 19 29 32 36
08 12 14 15 18 39
03 04 12 25 27 43
03 13 28 31 39 41
03 04 11 30 31 41
03 04 14 16 31 40
04 06 10 25 26 43
04 07 29 30 31 39
12 16 19 28 30 42
01 21 25 26 34 37
03 04 24 25 33 44
04 10 18 30 36 39
04 07 17 18 26 44
03 10 15 18 34 41
01 22 25 29 32 44
11 12 23 29 33 38
02 03 25 26 34 43
11 13 33 34 37 43
10 15 30 31 34 37
02 03 06 19 30 39
03 13 15 24 28 33
09 15 19 22 28 34
02 04 13 23 31 34
08 19 24 25 41 42
04 06 10 17 37 38
02 03 06 19 24 36
03 04 20 24 34 36
03 09 13 28 31 39
03 10 21 23 31 39
07 08 10 19 31 38
03 14 16 31 34 40
09 12 20 21 26 44
03 06 19 22 24 38
06 07 10 16 24 38
13 15 26 31 35 39
06 20 26 29 38 41
07 17 26 30 40 44
04 09 10 16 36 40
03 04 08 25 27 45
13 19 23 26 35 43
03 04 10 13 23 44
13 15 22 26 35 39
04 08 23 28 37 45
02 07 18 20 25 37
03 13 16 27 32 42
04 10 11 28 39 42
09 16 20 22 33 34
02 15 17 25 42 43
03 13 18 38 39 42
01 11 13 18 28 40
01 09 10 12 21 29
11 13 14 16 31 45
02 06 12 30 31 34
04 14 17 19 22 40
02 04 15 21 25 33
06 09 20 26 29 38
06 29 31 35 38 43
06 09 10 17 37 38
02 04 12 16 31 41
03 08 09 27 29 45
03 04 12 15 34 37
03 04 08 12 25 43
04 06 15 25 30 33
13 14 16 25 31 37
03 14 22 29 32 44
03 27 33 37 38 42
04 08 17 19 40 43
09 15 19 22 28 36
03 04 19 22 27 35
06 12 31 35 38 39
01 02 09 17 30 42
02 04 22 30 32 33
07 20 25 37 39 40
07 18 20 24 27 36
01 21 23 25 34 37
03 10 12 14 16 36
01 07 12 18 23 33
03 10 26 35 36 37
02 27 33 38 41 44
15 19 30 33 34 42
02 04 23 28 31 34
13 14 26 33 39 43
06 08 09 18 31 38
03 20 24 28 33 37
04 14 18 20 23 36
02 06 13 15 16 29
10 11 19 35 39 45
07 11 19 20 31 44
06 08 16 37 38 41
03 08 27 32 33 42
04 16 21 22 23 44
07 24 26 27 37 42
03 04 10 20 28 37
02 03 06 15 19 39
13 23 26 35 38 43
04 06 25 26 33 36
08 17 18 24 35 39
02 10 18 21 36 37
02 04 21 23 31 34
01 02 12 19 24 36
03 14 16 31 40 44
04 06 25 26 33 44
01 02 12 23 25 40
01 11 17 28 33 35
13 22 23 35 43 45
01 04 11 17 31 42
03 13 24 32 33 37
10 15 19 21 34 41
06 16 25 29 35 36
01 18 20 27 30 35
03 14 16 17 31 40
06 13 30 35 39 40
02 03 09 15 29 35
04 09 15 21 33 39
11 15 20 25 35 44
02 06 15 19 24 36
01 10 15 18 21 34
02 03 09 27 29 34
09 20 25 31 32 36
06 20 21 26 29 38
03 08 22 32 34 43
07 09 10 12 32 38
02 11 15 31 33 37
03 04 12 19 22 42
12 16 26 30 39 42
01 09 30 34 35 39
08 17 35 39 40 42
08 10 15 19 21 36
04 06 15 26 29 33
04 15 22 35 36 40
03 04 09 30 33 39
03 04 19 22 27 40
06 10 31 33 41 44
07 20 24 25 37 40
16 20 26 33 36 42
07 11 33 37 38 43
04 08 10 16 21 36
03 19 28 38 43 44
01 02 11 21 24 30
01 02 11 21 26 30
09 15 19 21 34 41
01 11 17 27 34 35
02 03 17 28 29 39
08 15 19 21 26 36
14 15 25 28 29 37
02 03 07 15 24 30
06 10 15 22 34 39
03 07 10 13 22 31
08 11 20 28 30 45
08 16 19 21 25 42
04 08 13 14 18 38
03 15 22 25 32 45
07 12 19 29 32 37
03 04 11 15 31 41
12 13 20 28 30 44
06 20 22 29 43 45
01 12 18 20 30 35
01 09 11 30 31 44
01 11 17 27 32 35
04 07 17 19 23 45
03 04 09 30 36 37
01 04 12 14 18 38
08 13 19 27 40 42
11 22 24 32 38 41
03 11 23 35 36 37
11 16 18 20 35 45
14 15 19 21 32 41
01 09 16 17 19 42
04 13 14 18 29 31
13 17 20 30 31 37
03 21 22 23 36 44
04 06 12 31 35 38
04 06 20 26 29 38
03 10 14 15 24 34
06 10 11 20 36 38
08 12 27 29 41 45
11 12 15 25 32 45
13 15 21 29 30 43
01 17 20 30 31 33
01 09 17 27 33 38
03 13 16 24 33 37
03 16 27 35 39 45
10 11 12 29 31 44
08 18 22 32 37 43
04 09 21 34 37 38
01 11 16 17 27 35
03 04 12 14 25 36
06 16 20 23 28 30
06 28 31 33 41 44
07 09 14 17 20 39
01 03 09 14 18 39
06 10 22 26 43 44
04 22 27 28 35 40
07 10 19 21 31 38
01 12 22 25 32 42
07 18 19 26 33 43
01 06 19 21 32 33
03 15 20 21 22 24
07 16 18 27 35 38
03 04 15 22 25 40
07 18 19 23 24 45
02 23 26 27 35 40
10 12 13 15 28 29
03 15 22 28 40 44
12 16 30 32 37 39
10 15 23 42 43 44
08 12 13 18 29 33
03 16 21 26 34 42
07 12 17 20 32 45
10 15 19 30 33 34
21 23 27 34 41 43
01 04 06 12 25 37
08 19 25 28 30 32
14 21 26 36 40 41
01 21 22 34 37 38
07 08 10 19 21 23
10 17 22 31 34 37
04 07 17 18 30 44
04 11 20 24 42 45
02 26 27 33 41 44
06 09 20 23 28 30
07 26 27 37 39 44
07 10 19 23 31 40
10 24 26 29 37 43
07 19 32 37 40 41
02 03 09 12 23 42
01 11 17 34 35 39
03 04 08 24 32 42
08 10 14 27 28 33
06 09 18 28 30 32
12 14 18 21 29 38
01 13 19 20 32 38
01 18 22 25 31 45
07 19 23 28 33 37
02 13 16 32 33 42
13 15 21 38 44 45
11 21 22 27 39 44
12 16 23 28 30 42
02 03 12 15 27 29
16 19 23 29 33 41
01 09 10 12 27 40
03 07 20 25 38 40
03 10 20 28 30 44
02 13 19 32 38 42
13 15 21 22 29 39
13 15 24 26 35 39
08 21 25 40 44 45
03 04 08 30 33 34
07 12 20 24 27 36
07 08 09 17 30 33
10 28 33 35 41 44
10 15 20 23 42 43
01 13 19 21 24 35
09 11 20 21 22 37
06 21 31 36 38 43
03 08 12 13 15 34
07 08 10 19 31 34
03 08 19 32 34 43
03 19 20 22 24 41
09 10 15 30 34 37
07 08 26 28 32 34
03 04 19 22 27 39
07 08 09 22 24 32
01 03 18 28 32 40
04 07 10 31 39 40
01 04 17 26 31 42
06 11 19 33 40 43
07 08 10 19 31 32
02 03 12 14 24 40
04 06 12 25 26 43
03 08 20 27 33 35
01 02 16 19 24 42
03 04 09 30 32 36
01 03 12 17 26 42
08 15 21 26 32 36
01 03 18 21 32 40
01 08 11 17 27 35
10 22 31 33 35 40
08 09 19 25 42 43
04 13 14 28 31 38
06 07 12 15 16 31
06 07 24 26 27 37
13 15 26 35 39 40
01 04 13 17 22 34
08 10 14 18 36 37
02 13 19 26 38 41
04 10 16 26 33 36
13 15 21 24 34 35
08 15 19 40 42 44
02 20 27 33 41 44
02 03 25 28 30 33
09 19 30 34 35 39
08 09 19 26 41 42
06 22 29 35 37 43
09 18 32 35 39 45
01 06 10 20 24 40
03 13 27 38 39 42
09 13 18 21 27 44
03 21 22 23 40 44
09 18 20 31 34 45
04 14 18 23 30 34
01 08 09 27 29 40
03 04 13 24 33 37
10 13 17 20 42 45
03 08 13 30 33 45
11 12 30 32 37 41
02 08 23 33 35 41
07 16 17 20 35 39
01 06 17 22 30 45
06 16 19 22 24 28
06 08 10 17 30 38
13 14 15 26 31 39
09 17 19 30 33 42
09 19 33 40 42 43
02 12 28 31 33 42
10 15 19 25 35 41
01 02 11 21 22 30
11 14 25 27 29 42
03 10 28 31 33 41
04 07 10 13 31 39
06 10 28 31 35 40
01 11 17 21 26 45
04 13 28 29 31 39
02 08 16 23 28 38
01 09 10 12 21 40
07 16 17 28 39 40
04 08 18 24 36 37
07 22 26 31 37 41
02 07 08 15 22 25
02 10 11 25 35 41
03 07 09 12 31 34
04 06 08 15 25 33
11 14 25 28 29 30
08 09 13 19 27 40
03 10 14 15 24 41
07 08 11 31 33 38
04 10 21 27 40 45
02 03 06 19 21 39
03 04 10 14 16 36
04 10 14 18 22 45
09 20 21 22 37 45
03 04 11 14 31 41
03 16 21 22 23 41
02 08 23 27 36 44
01 22 23 35 44 45
03 13 14 24 39 41
03 07 11 20 40 41
06 14 16 17 24 42
01 02 22 27 36 37
14 23 25 29 40 42
02 06 18 21 26 37
01 08 13 18 32 45
14 15 16 19 38 43
11 19 22 29 36 37
02 15 19 24 36 37
01 19 28 38 43 44
04 06 16 23 25 35
10 13 20 29 36 41
04 19 28 39 42 45
01 02 15 19 21 24
01 16 18 20 32 39
19 23 33 34 35 43
01 03 17 26 33 42
07 10 11 17 29 44
12 17 27 41 43 44
03 08 16 17 20 35
09 15 34 35 43 45
09 10 28 31 33 41
07 14 16 17 20 39
02 08 12 13 29 33
14 15 16 19 25 41
03 12 14 15 18 39
11 14 30 33 38 40
01 09 10 12 21 34
09 17 19 35 40 42
01 03 17 22 31 44
03 04 06 14 32 41
03 10 21 22 23 44
11 12 16 19 23 43
02 21 22 27 36 37
01 04 13 18 29 38
02 15 19 22 28 34
03 04 12 19 22 36
06 07 10 16 17 38
08 11 32 33 35 40
03 04 24 35 36 40
03 06 22 24 38 41
03 07 09 13 24 30
02 12 26 31 33 42
02 17 20 30 31 37
04 09 14 17 36 38
09 13 28 31 39 42
08 10 14 20 29 31
01 09 17 19 27 38
03 07 18 30 39 40
03 04 07 12 31 41
02 03 11 27 34 39
06 08 21 23 27 33
02 08 15 21 22 25
08 09 27 29 40 42
04 23 26 29 31 33
08 16 17 35 39 42
06 14 16 18 33 42
01 03 09 14 18 37
07 08 10 14 19 31
04 08 18 28 39 44
06 08 18 21 31 38
06 20 25 26 29 38
06 08 10 15 20 31
02 09 14 17 36 38
04 06 15 26 28 33
02 08 14 15 22 25
04 06 27 28 38 40
02 19 26 27 41 43
06 08 24 30 35 40
02 10 15 25 35 41
10 13 14 15 26 39
06 15 31 35 38 43
04 21 30 33 34 42
06 09 21 32 35 40
03 08 32 33 34 43
01 04 10 17 22 42
09 14 16 27 39 45
01 04 12 16 18 43
03 04 20 24 34 42
08 10 14 27 32 33
01 21 25 34 37 44
13 16 19 32 38 42
14 17 27 28 29 40
02 09 10 22 28 44
08 12 21 23 27 33
11 14 15 16 33 45
01 06 15 24 36 38
12 17 27 28 41 43
07 12 26 28 30 42
01 18 20 30 35 45
07 09 21 31 32 40
03 08 14 16 31 40
01 26 31 33 38 40
03 04 11 22 33 42
04 09 23 30 33 39
01 13 20 22 25 26
04 07 11 24 31 42
02 18 20 23 28 36
03 04 09 11 22 43
04 13 21 22 37 38
04 13 29 31 35 39
03 07 09 11 20 41
11 16 18 24 39 44
04 13 14 18 29 38
16 20 28 35 36 39
04 10 20 32 38 39
09 17 33 34 35 45
02 13 33 34 38 42
07 12 14 19 29 32
10 14 25 28 29 30
04 09 13 26 27 29
11 25 27 32 36 38
08 09 14 15 17 33
02 13 29 32 38 42
07 24 30 39 40 41
02 13 23 32 38 42
04 10 11 14 36 38
03 15 21 25 27 28
04 07 10 19 31 45
08 20 23 25 27 35
14 16 21 27 39 45
02 26 33 34 41 43
03 07 11 31 34 38
15 21 26 34 36 41
06 14 20 23 28 30
02 03 15 27 29 44
02 06 12 23 30 34
03 13 24 25 33 37
03 04 07 26 31 41
03 04 06 13 32 42
07 11 14 15 18 39
02 09 10 21 22 44
14 25 27 29 40 42
02 10 14 18 36 37
02 10 11 19 35 41
07 15 34 37 39 44
03 10 13 26 30 38
01 06 15 31 36 38
06 10 22 26 35 40
03 08 12 15 34 36
01 10 13 14 33 34
04 07 10 19 31 38
01 11 21 23 32 44
04 15 21 28 33 39
04 06 10 11 36 38
03 07 11 12 17 36
06 10 18 22 35 40
02 26 33 40 42 44
09 12 14 23 28 33
03 08 10 27 32 42
01 11 14 30 33 38
03 04 09 11 29 42
14 18 20 23 26 36
07 15 27 37 39 44
01 08 23 30 34 35
11 14 30 33 34 38
06 09 11 15 34 37
02 24 31 32 38 44
03 07 12 23 31 34
03 15 22 28 40 41
03 08 13 18 32 39
06 17 21 32 38 39
01 06 12 19 24 36
03 28 31 33 41 44
01 03 09 14 18 40
02 09 12 30 31 39
03 04 06 14 24 41
04 11 17 30 32 41
04 06 18 23 30 34
07 08 11 18 21 23
02 09 12 15 27 29
01 12 16 22 32 42
12 17 28 30 41 43
08 16 35 36 39 42
04 07 10 19 31 36
08 12 15 21 32 36
08 10 19 23 28 33
07 12 20 21 29 32
02 07 10 15 24 30
11 14 23 25 29 42
06 10 14 20 39 42
03 04 06 12 25 43
06 10 12 13 15 29
04 11 19 28 39 45
09 29 34 35 41 42
04 12 18 30 39 41
06 09 15 18 22 35
14 15 16 19 25 38
02 03 08 13 27 32
06 10 17 20 30 38
01 08 23 25 35 44
04 18 21 23 30 34
03 07 16 22 23 44
07 08 09 18 32 37
04 06 13 26 28 45
16 19 24 33 42 45
02 06 13 16 23 29
07 08 10 19 23 28
08 11 14 16 36 39
07 08 09 24 29 38
14 17 19 22 32 40
07 11 30 39 40 41
11 21 22 30 39 42
04 11 28 35 39 45
10 13 21 25 39 43
15 16 17 25 31 42
04 07 11 28 31 41
10 13 18 27 37 41
09 27 30 34 35 39
07 18 20 25 37 40
13 14 26 32 37 38
06 07 16 20 31 38
03 08 17 20 35 40
04 11 28 33 42 45
02 08 23 25 35 44
03 12 16 22 23 44
06 17 19 26 41 45
03 09 11 12 25 43
08 12 13 21 33 42
02 10 12 26 33 42
04 09 17 18 21 42
01 07 09 10 19 38
08 15 19 22 28 34
02 08 14 15 22 33
02 12 17 20 24 42
16 26 28 30 35 42
03 14 16 21 31 40
03 10 22 28 34 44
04 07 13 14 31 39
11 20 28 30 43 45
06 12 29 31 35 38
04 20 28 39 42 45
07 10 13 31 35 40
13 16 20 26 36 42
03 14 33 38 40 42
01 03 09 18 28 32
06 10 31 34 35 40
06 13 15 26 35 39
02 11 31 32 33 37
11 23 25 30 40 42
17 27 28 29 40 42
01 30 33 36 38 39
01 03 10 14 16 36
02 09 10 20 35 37
11 20 28 39 42 45
03 04 09 11 28 42
09 12 24 33 40 42
01 17 22 28 43 45
04 08 12 19 20 43
03 08 20 21 27 35
01 02 19 22 24 36
07 08 11 16 23 44
02 07 24 26 27 37
04 06 13 18 28 36
06 07 09 11 17 38
03 08 15 22 28 40
03 04 09 28 30 36
07 08 22 32 37 43
01 08 16 27 28 33
10 14 15 25 28 29
01 02 15 23 25 40
06 10 17 22 35 40
07 08 12 15 24 25
08 09 19 29 41 42
03 04 06 16 27 40
01 02 16 21 22 39
04 27 28 39 42 45
02 03 11 27 31 39
07 08 09 15 17 33
13 14 28 29 34 41
04 08 16 17 19 42
09 10 15 21 34 41
02 06 13 16 32 33
07 08 09 13 17 33
09 14 15 17 30 31
08 14 15 19 21 32
06 10 31 35 40 45
08 12 15 19 21 36
14 15 16 19 25 42
04 06 10 14 23 40
03 13 14 15 24 33
04 13 14 21 31 38
10 13 14 18 36 37
02 03 09 27 29 41
11 14 22 29 35 37
04 16 23 25 34 35
08 15 17 19 25 44
01 13 21 25 26 31
07 18 19 33 39 45
06 07 12 26 27 36
12 21 24 27 36 43
03 06 19 29 36 39
01 14 15 16 24 40
06 08 13 18 32 45
02 17 34 35 43 45
07 10 19 23 28 35
06 09 13 18 28 30
01 04 08 23 31 33
02 10 13 22 29 41
09 16 19 31 34 35
06 10 16 28 34 35
03 06 13 15 16 33
09 13 14 17 33 36
01 04 13 14 18 38
13 14 15 17 38 45
03 09 10 26 34 38
02 18 24 25 30 45
01 03 15 17 26 42
10 19 23 28 30 33
01 02 12 16 22 39
03 04 16 23 27 38
06 10 17 30 32 38
08 15 17 31 43 44
06 07 12 26 33 36
03 08 20 26 27 35
14 18 23 30 34 38
07 16 21 27 33 38
08 15 19 21 32 35
16 22 24 31 34 36
03 10 14 15 21 24
02 08 16 23 28 32
03 07 08 18 29 32
07 08 15 30 37 44
04 28 33 39 42 45
03 04 10 12 25 43
06 19 26 31 41 45
10 17 21 22 35 43
01 03 11 23 24 43
04 06 13 26 28 37
03 04 09 11 21 42
01 11 21 25 34 37
10 14 25 27 29 42
01 15 32 34 42 43
01 06 14 18 20 39
03 13 22 29 38 42
03 09 12 13 18 43
07 16 29 35 36 38
04 16 23 25 30 35
03 21 22 23 34 44
06 07 09 19 28 41
04 09 14 26 31 34
04 09 11 13 22 42
03 27 29 38 39 42
01 02 16 19 22 39
06 07 11 15 20 39
06 08 15 22 34 39
01 15 28 34 36 45
03 07 12 31 33 34
09 11 16 21 28 42
11 13 15 26 28 44
01 11 21 23 37 44
02 13 18 29 38 42
14 18 20 23 35 36
03 06 07 21 32 39
04 06 13 17 26 43
04 08 10 13 16 36
09 14 17 34 43 45
02 04 08 30 32 33
19 20 21 33 39 43
03 07 20 21 32 39
03 07 10 13 26 38
01 02 11 21 30 33
03 10 13 22 31 33
03 11 12 13 25 43
06 07 09 11 24 30
04 06 15 21 26 33
02 03 13 25 28 37
04 15 17 21 27 45
04 09 24 25 33 42
07 09 12 14 23 32
07 11 25 30 32 40
02 06 18 31 32 34
11 22 24 32 38 39
04 06 10 17 20 44
04 16 21 23 25 35
03 08 13 15 33 45
03 04 20 22 28 40
06 08 09 19 25 42
11 13 26 29 31 33
06 22 31 35 40 45
01 02 16 22 37 39
13 20 26 29 36 41
09 12 14 23 28 34
06 07 10 12 26 36
03 04 07 20 31 41
03 20 21 22 25 29
06 07 17 20 32 45
01 16 23 24 38 40
08 13 16 23 28 34
07 09 11 16 21 28
03 10 15 35 36 37
04 22 27 35 37 45
01 07 12 19 21 32
04 06 13 26 28 36
04 09 10 11 22 42
06 11 15 24 32 34
13 14 18 28 29 34
07 10 15 18 34 41
03 04 06 12 32 42
09 14 17 33 36 41
09 10 13 24 29 33
13 15 20 26 35 39
12 20 25 31 32 36
07 14 17 19 22 40
06 09 11 24 29 30
09 11 15 30 33 37
04 06 10 19 20 36
08 17 20 35 39 42
10 15 21 26 34 41
02 03 06 19 20 36
02 03 06 19 29 39
12 18 29 31 33 39
08 13 15 26 35 39
01 09 20 21 27 35
01 06 14 20 26 39
02 09 14 22 25 44
03 08 16 20 27 35
08 17 18 24 28 39
02 06 11 14 21 41
03 07 08 18 32 37
02 19 26 34 38 41
03 15 22 29 32 44
04 07 13 27 31 39
06 07 10 16 30 38
02 03 08 19 32 42
07 08 19 23 28 33
01 11 14 15 24 40
10 11 18 20 35 45
06 11 13 33 37 43
01 06 17 19 22 45
09 17 18 24 39 45
03 04 22 27 28 40
01 06 11 14 20 39
11 14 15 27 29 36
04 06 09 11 15 37
07 16 20 23 26 35
06 10 11 12 36 38
06 10 28 31 33 41
03 04 06 10 28 41
01 03 21 25 28 31
02 03 09 12 23 45
12 17 27 28 43 44
07 08 09 17 26 33
06 13 18 28 30 41
10 11 21 23 24 37
02 07 09 17 20 33
07 19 26 34 37 39
06 13 16 18 28 36
01 12 16 19 23 37
09 15 25 30 33 37
04 07 17 18 29 44
10 18 22 25 31 45
03 15 24 31 33 37
08 13 14 26 35 39
09 10 25 30 33 37
04 06 12 23 25 37
14 20 35 36 38 40
01 04 09 12 21 40
04 07 11 20 31 41
14 15 16 19 25 40
04 06 15 16 20 31
04 07 11 31 38 41
06 09 21 36 38 39
03 07 13 25 26 36
02 06 09 18 22 35
02 04 07 21 25 33
01 12 13 20 22 25
03 04 09 11 22 41
11 13 15 26 28 40
02 04 15 24 35 36
03 04 06 14 31 41
01 03 18 23 24 43
08 19 20 21 35 39
02 17 20 30 31 33
09 12 27 34 41 43
09 13 18 28 31 39
03 08 12 13 25 43
11 16 34 35 42 44
03 04 06 20 28 30
06 20 23 25 28 30
03 06 19 20 36 39
08 18 23 25 27 35
03 13 29 32 38 42
03 04 07 11 28 41
01 06 12 19 23 36
10 11 12 22 24 42
04 08 13 15 33 45
01 09 17 21 29 44
07 17 26 30 32 40
03 04 19 22 27 28
03 10 13 20 28 44
04 07 10 17 18 44
13 17 20 26 42 45
04 09 10 21 36 40
04 18 24 26 29 34
12 20 28 30 43 44
01 16 27 35 39 45
07 30 33 38 39 41
11 12 28 29 38 42
01 04 08 21 23 33
03 04 07 11 31 36
07 09 16 21 27 33
01 03 09 12 21 40
06 09 21 27 32 40
03 04 12 19 27 36
11 14 15 16 36 45
02 04 15 21 33 39
07 08 18 21 23 30
07 28 29 30 38 44
03 20 22 24 41 42
02 06 20 36 37 39
01 10 11 17 27 35
07 08 13 16 24 25
03 13 23 35 36 37
01 03 13 23 24 43
01 02 09 12 23 42
11 13 14 16 28 45
11 14 15 18 20 39
04 07 24 29 30 34
04 06 10 14 39 40
04 06 25 26 33 45
16 20 28 36 39 42
01 11 21 23 29 44
07 19 21 34 41 44
03 15 19 21 25 28
01 04 10 17 34 42
03 04 06 16 32 42
04 08 15 21 32 36
06 11 15 24 30 32
03 04 15 20 24 34
06 22 31 35 36 40
03 04 15 16 28 44
01 03 12 20 21 41
07 11 30 31 41 44
01 19 20 21 33 39
06 18 20 23 28 36
11 13 28 33 37 43
06 07 16 20 24 31
03 04 20 24 34 43
03 07 26 29 32 36
01 09 10 16 21 29
06 10 12 22 35 40
09 24 33 38 40 42
06 13 22 26 43 44
01 06 17 22 33 45
01 09 17 19 36 42
01 07 10 19 21 31
01 12 19 30 36 42
06 14 16 21 24 42
04 15 35 38 41 43
01 04 12 16 18 35
08 14 21 23 27 33
08 12 13 28 29 33
02 11 21 30 34 35
06 10 13 17 27 43
02 04 09 23 31 34
13 15 26 27 35 39
08 09 33 40 42 43
02 11 17 21 24 29
06 07 16 19 28 41
02 06 18 21 32 34
03 07 12 17 31 34
01 06 10 12 21 40
07 12 18 23 27 36
01 10 11 20 24 40
02 07 20 25 30 37
03 04 14 25 31 43
04 17 19 21 27 45
06 16 19 24 28 41
03 07 20 25 37 40
04 08 25 27 35 45
08 15 21 27 32 36
03 04 12 15 32 34
01 03 20 22 25 45
03 06 07 20 21 38
04 06 16 26 33 41
03 10 15 18 21 34
01 04 13 17 34 41
03 04 14 19 25 43
07 10 22 34 36 44
04 16 19 31 34 35
04 08 13 18 19 43
03 06 09 11 15 37
08 14 33 34 35 40
11 14 16 35 39 45
01 06 10 15 36 38
02 21 27 28 38 42
10 15 30 31 33 37
03 07 10 11 22 41
09 10 13 33 35 44
07 11 13 18 33 43
11 12 23 25 32 45
11 18 20 35 39 45
03 04 12 19 22 35
10 11 15 18 34 41
02 13 15 26 35 39
01 06 12 19 31 36
01 03 22 25 29 32
02 19 26 27 38 41
03 07 19 27 40 41
01 19 26 28 34 41
09 12 19 21 39 41
07 13 16 18 22 35
02 07 10 17 28 39
03 10 20 35 36 37
06 13 18 28 29 30
09 11 28 39 42 45
02 07 12 15 16 34
01 04 09 11 22 42
10 13 19 33 40 45
01 13 22 33 34 43
07 14 17 20 39 40
03 06 15 18 22 35
11 13 21 22 39 44
01 09 10 12 21 31
06 07 10 26 38 41
06 09 10 17 30 38
03 04 11 31 33 41
06 07 24 32 38 44
01 20 33 35 36 44
03 04 22 28 29 40
06 07 12 26 31 36
11 12 14 16 21 38
04 08 13 14 31 38
03 07 09 12 33 37
03 10 15 21 34 41
03 08 21 22 23 44
06 08 30 32 35 40
03 13 15 29 38 42
08 11 15 17 33 37
04 06 13 30 35 40
06 09 21 26 32 40
06 08 23 30 35 40
07 09 29 35 37 38
06 10 22 34 35 40
01 10 28 34 36 44
18 20 27 36 42 43
03 04 20 24 34 41
03 32 33 37 38 42
06 17 18 21 26 29
01 13 14 33 34 41
13 14 18 20 28 36
02 14 23 25 29 42
02 03 09 19 27 29
07 10 13 30 31 35
02 09 14 15 27 29
14 17 19 22 26 40
01 02 14 18 32 37
04 13 14 31 38 43
03 12 21 22 23 44
02 15 19 21 34 41
02 07 08 18 32 37
03 04 14 16 36 38
17 22 25 31 34 37
03 25 33 38 40 45
14 26 28 29 34 40
04 06 10 19 20 43
06 13 28 31 39 41
03 07 14 16 24 40
15 20 24 30 32 38
01 14 16 32 34 44
06 08 14 18 21 30
07 08 10 19 31 44
01 10 11 26 31 34
03 07 11 20 22 29
01 02 14 23 25 40
02 08 32 33 35 41
07 08 23 24 36 41
06 07 15 16 31 38
04 06 13 17 28 36
02 09 18 24 30 45
08 15 28 35 38 40
04 28 35 39 42 45
06 09 15 21 32 40
01 09 11 13 28 40
03 06 07 21 26 39
06 07 12 24 27 36
04 16 23 25 27 35
06 08 17 19 40 43
02 06 20 29 37 39
01 17 18 31 32 34
03 04 06 10 20 44
16 18 20 23 32 42
14 26 32 37 39 42
17 27 28 29 31 40
02 11 12 14 24 40
08 21 26 34 36 41
06 08 19 25 41 42
04 08 18 19 20 43
03 10 15 20 28 44
14 17 20 35 38 40
07 13 14 28 29 34
06 09 12 14 23 28
04 06 21 25 26 43
01 17 27 28 40 42
03 04 10 15 28 44
04 06 17 19 40 43
04 06 23 28 37 45
08 17 18 25 38 39
03 04 20 24 34 39
06 07 17 20 35 39
07 09 12 14 23 27
04 07 11 12 31 41
20 22 25 38 40 41
03 04 06 11 22 42
02 04 08 16 23 28
03 07 19 29 32 36
12 17 26 28 30 42
01 02 15 28 33 39
07 13 16 18 24 35
03 04 09 30 32 33
03 07 09 31 33 36
01 11 13 18 24 40
04 06 09 10 20 44
08 10 14 27 28 38
07 14 20 25 38 40
03 04 10 13 28 44
17 18 22 25 31 45
08 26 35 36 39 42
06 07 10 16 21 38
01 07 22 32 33 37
11 13 15 26 28 31
01 12 14 16 19 23
02 03 09 27 29 35
10 13 15 19 27 30
01 07 22 25 33 37
01 09 21 27 32 35
10 30 31 32 35 37
06 22 26 35 43 44
17 20 29 30 31 37
06 08 14 30 32 37
06 13 16 24 25 41
07 08 32 36 37 43
13 21 26 31 36 43
01 09 10 21 27 35
03 07 11 29 32 36
01 03 12 21 27 41
07 14 16 24 25 44
09 19 25 41 42 43
04 07 24 29 34 38
03 19 21 22 23 44
07 16 26 29 35 36
09 19 24 25 41 42
04 07 20 29 31 39
03 13 27 32 41 42
03 12 13 25 28 43
08 14 25 28 29 30
01 03 09 14 18 41
14 16 24 25 30 31
01 08 15 18 21 45
07 19 20 21 29 32
04 14 23 28 37 38
01 22 32 33 35 42
06 07 15 16 20 30
07 09 10 13 35 40
09 10 33 40 42 43
06 08 11 14 21 41
09 12 14 23 27 28
01 11 12 14 18 35
03 04 08 09 27 29
06 08 11 14 21 30
11 26 28 39 42 45
11 19 22 29 30 36
06 10 12 14 39 42
08 13 17 26 28 34
01 10 12 16 20 34
11 14 15 16 27 45
09 10 13 15 35 44
08 14 15 25 28 29
01 02 19 22 32 42
03 04 19 22 27 31
08 17 20 21 27 35
03 07 12 24 27 36
03 07 09 13 24 32
04 06 09 15 25 33
02 13 18 28 29 36
03 04 07 13 25 36
15 21 26 27 32 42
17 24 27 28 29 40
04 08 18 24 32 37
01 02 19 24 35 36
11 13 23 35 36 45
01 03 12 15 34 36
01 20 30 33 35 44
06 07 10 20 38 41
06 07 10 11 15 39
07 15 17 20 33 43
08 10 14 27 33 42
03 04 09 13 30 33
03 04 09 30 31 33
11 27 28 39 42 45
03 04 07 20 21 39
11 14 22 35 37 43
03 04 08 27 32 42
01 08 11 18 21 45
04 09 23 25 33 39
03 04 14 25 30 43
03 13 14 33 38 42
01 12 17 19 36 42
08 14 27 33 38 42
07 12 15 24 25 32
07 08 15 18 33 45
01 06 26 31 34 43
01 11 21 34 37 44
10 26 29 36 37 38
01 11 17 18 27 35
09 14 17 34 35 45
06 10 14 17 18 29
02 13 20 29 36 41
03 07 12 31 34 37
13 14 26 33 42 43
03 04 10 20 28 39
03 16 21 22 23 42
02 03 15 16 27 29
06 09 11 12 15 37
02 21 26 36 40 41
02 03 12 13 34 36
02 03 15 21 27 29
01 08 11 28 30 45
03 06 07 20 25 39
02 21 26 34 36 41
03 12 13 25 41 43
06 10 11 15 24 39
03 04 21 22 34 38
09 25 29 35 42 43
10 12 14 20 39 42
04 09 10 23 33 39
11 14 23 27 29 42
01 14 26 32 39 42
06 18 20 23 28 30
04 08 10 13 19 43
03 04 19 21 22 27
06 07 22 26 32 35
03 07 14 16 33 40
04 13 14 31 38 42
06 07 19 22 32 35
16 19 23 25 30 41
02 03 06 19 20 39
07 09 11 17 18 44
06 08 19 20 28 32
03 04 06 14 25 41
06 13 19 21 29 33
01 06 12 17 22 45
08 13 17 19 27 40
15 20 25 26 35 42
12 16 24 33 40 42
03 04 09 11 24 42
07 08 15 32 37 43
03 04 06 14 28 41
03 06 08 19 36 39
02 03 06 19 29 36
01 04 21 22 37 38
02 07 09 17 33 36
01 11 12 14 20 35
03 07 09 16 33 36
06 08 17 20 37 43
07 09 10 13 35 39
01 04 06 25 26 33
07 11 18 27 29 42
01 04 08 23 25 33
15 20 26 35 41 42
03 13 21 38 39 42
06 11 15 24 27 32
13 21 23 26 35 43
06 07 10 27 38 41
07 16 24 35 37 44
03 06 07 12 26 36
02 04 20 23 34 43
03 04 06 25 26 43
04 12 20 34 35 43
04 14 25 28 29 30
03 08 13 27 32 43
11 13 17 18 29 40
06 08 12 31 35 38
02 06 12 30 34 35
03 12 13 16 33 39
01 14 16 33 34 44
06 10 22 23 35 40
01 02 16 19 27 42
03 04 19 22 27 33
01 04 17 22 28 45
01 07 12 19 29 32
10 15 21 34 36 41
03 04 12 24 34 40
07 14 18 20 23 36
11 13 18 30 31 41
01 11 12 21 23 44
01 10 22 28 34 36
01 08 09 12 21 40
01 06 10 14 20 39
04 21 22 35 37 38
03 13 14 26 35 39
01 06 12 15 19 36
16 18 20 23 32 38
06 07 16 17 20 31
02 13 20 31 41 44
03 04 08 19 22 27
01 06 14 20 33 39
01 02 11 21 30 36
04 14 20 22 37 43
06 10 11 15 39 43
06 11 15 20 39 43
02 12 14 23 40 41
03 07 14 16 21 40
22 25 26 31 37 41
03 20 28 30 40 43
01 03 14 15 24 40
02 09 10 28 35 37
04 09 11 22 41 42
03 04 16 17 19 43
04 06 14 25 26 43
03 09 10 12 21 40
12 15 20 24 25 38
04 07 17 18 28 44
14 16 21 35 39 45
03 10 18 21 34 41
04 06 25 26 27 43
06 08 10 31 35 40
11 12 14 15 21 32
07 18 19 28 29 42
11 13 14 16 35 45
11 14 20 35 38 40
04 16 24 27 34 35
03 04 12 14 25 42
06 10 28 33 41 44
04 06 10 25 28 40
03 07 12 31 34 42
04 10 14 15 22 43
06 12 15 24 27 32
07 08 11 16 18 44
01 04 10 17 21 42
07 13 16 18 35 37
01 02 16 22 25 39
06 07 09 11 18 40
03 04 11 24 31 41
02 12 17 28 41 43
03 04 14 16 38 40
01 02 11 18 35 36
03 04 09 24 30 36
10 27 28 38 42 43
03 04 16 19 27 38
06 07 10 31 35 40
01 02 11 21 30 34
09 10 13 35 40 44
06 19 20 22 28 32
03 15 20 33 35 44
02 10 13 15 22 29
06 13 16 27 28 36
11 21 23 25 30 40
03 08 13 32 34 43
17 20 27 28 29 40
11 13 14 15 31 45
09 17 19 26 35 42
12 26 28 30 39 42
09 15 19 22 36 37
01 09 10 12 21 44
03 04 09 14 25 43
03 04 10 20 28 40
09 12 18 20 39 41
03 07 16 21 22 23
08 13 16 17 23 28
06 15 19 20 28 32
03 10 20 33 35 43
03 04 24 27 34 35
02 14 22 23 41 44
10 11 12 24 30 42
01 02 12 29 34 36
21 26 27 29 32 42
03 07 21 31 34 38
06 07 10 16 37 38
01 04 06 17 22 45
08 13 14 15 26 39
03 04 12 24 34 39
03 08 09 15 27 29
03 04 12 24 34 35
01 09 10 12 35 40
02 08 17 30 32 38
04 08 12 13 19 43
01 11 12 14 35 40
02 06 18 21 26 31
02 04 17 28 29 43
02 03 10 20 28 44
02 06 12 23 26 34
02 20 33 35 36 44
01 02 09 12 23 34
07 08 09 17 33 36
03 04 11 21 22 42
02 03 10 15 27 29
10 19 30 33 34 42
07 30 35 39 40 41
10 15 30 31 37 45
10 11 14 27 31 39
07 13 27 30 38 44
09 10 14 15 17 33
07 09 10 13 15 35
01 06 08 12 19 36
07 14 30 39 40 41
02 07 10 13 22 29
04 09 11 21 22 42
03 15 19 20 35 44
08 10 11 23 24 43
16 17 24 28 39 40
01 02 11 21 30 40
01 06 11 12 34 42
03 12 20 22 26 31
03 07 12 29 31 34
04 08 13 19 27 43
02 06 12 26 34 35
01 07 19 23 24 45
01 04 08 19 25 27
02 13 34 35 38 45
02 07 09 10 22 44
06 10 17 22 35 43
02 08 17 31 32 38
04 06 15 20 25 33
02 13 28 29 34 36
07 08 09 23 26 45
01 06 18 20 30 35
02 03 11 26 27 39
02 10 21 22 30 42
09 10 12 21 27 40
03 04 06 15 25 33
07 16 27 34 37 44
03 07 14 16 17 40
03 04 06 08 26 42
08 19 20 21 28 39
07 08 10 19 31 43
04 16 24 25 34 35
02 19 26 31 34 35
03 13 15 28 40 44
10 12 24 26 39 42
09 17 19 35 42 43
02 27 33 41 42 44
01 15 26 31 35 42
03 04 07 21 31 41
04 07 13 29 30 31
06 08 20 27 37 43
06 10 11 17 30 38
08 14 20 35 38 40
02 04 20 29 36 41
03 04 09 24 25 41
07 16 20 23 26 34
03 12 13 20 21 37
01 07 12 18 23 36
11 13 16 35 43 45
02 09 10 21 35 37
03 29 35 38 39 42
03 04 10 14 20 44
02 06 07 20 25 37
02 07 09 17 28 39
11 13 14 33 37 43
01 13 14 26 35 39
03 04 16 17 27 40
06 10 11 27 31 39
04 14 20 22 23 43
09 21 25 27 32 38
01 21 30 33 34 42
01 06 09 18 22 35
09 13 14 28 29 34
02 11 14 21 30 35
07 20 21 25 38 40
03 04 20 28 30 44
03 10 35 36 37 41
08 13 26 28 34 35
06 07 15 16 20 39
14 15 28 29 34 40
03 04 10 20 28 43
02 09 10 18 22 44
03 20 21 38 40 43
04 13 15 19 21 45
03 08 32 34 35 43
04 07 08 13 31 39
01 03 17 21 26 42
15 19 22 28 29 34
01 06 22 31 35 40
01 04 10 14 32 35
06 09 13 16 27 28
08 14 16 25 42 43
15 16 17 25 31 35
09 10 15 19 27 30
07 13 24 32 34 39
03 04 12 19 22 29
01 14 18 21 32 37
12 18 22 23 30 38
08 26 28 32 34 35
02 07 15 19 21 34
03 04 09 15 30 36
03 07 14 15 22 25
07 10 13 22 31 35
13 19 20 32 37 38
01 26 31 40 42 43
02 10 11 19 34 35
03 04 14 22 25 43
11 15 17 23 30 40
01 07 17 22 37 40
07 16 25 29 35 45
03 15 28 40 41 44
06 09 14 16 18 42
02 11 12 14 40 41
04 07 14 17 20 39
03 04 16 28 34 44
06 11 15 35 39 43
06 12 22 26 35 36
01 09 14 17 19 42
01 02 07 16 22 39
11 12 14 29 38 42
11 18 20 31 34 45
03 04 07 17 18 44
03 07 14 16 34 40
06 07 11 15 30 39
02 03 07 17 28 39
10 28 31 33 38 41
11 13 35 36 43 45
03 04 24 25 33 38
07 18 19 26 28 45
03 04 12 16 27 40
07 09 12 19 27 43
03 06 10 20 28 44
03 13 15 24 33 44
02 08 15 20 22 25
07 11 16 21 27 29
04 06 26 33 34 38
03 04 09 11 30 36
03 04 16 17 27 38
04 08 17 21 40 43
10 11 12 24 39 42
04 06 08 25 26 33
01 04 09 21 27 35
03 07 11 20 28 41
09 14 17 33 36 42
06 07 12 26 36 38
01 04 10 11 17 42
04 09 13 20 36 41
02 04 08 23 33 42
03 06 07 19 21 39
03 04 20 23 24 34
07 08 11 16 36 44
06 13 25 28 29 36
03 04 16 19 27 40
09 21 29 34 41 43
03 07 10 19 21 31
12 27 30 39 41 42
16 21 26 30 32 35
01 02 13 20 31 41
03 04 24 25 33 41
18 20 31 34 42 45
06 10 14 17 20 42
13 14 33 40 42 43
15 20 26 28 35 42
06 07 11 15 16 39
07 08 10 21 31 38
09 17 18 25 38 39
01 06 13 21 23 33
03 04 06 14 26 41
04 06 08 27 32 42
03 04 07 28 31 41
03 04 12 14 25 38
16 17 25 31 39 40
01 06 12 15 36 38
01 03 09 23 24 43
03 04 12 22 23 27
03 04 06 10 28 44
03 04 09 24 25 36
08 10 18 23 24 43
08 15 19 21 42 44
06 09 13 27 28 40
07 08 09 11 17 33
04 07 08 19 25 27
09 13 15 21 44 45
03 04 06 12 25 37
07 11 14 16 24 44
06 07 19 21 26 43
07 14 16 17 38 45
14 23 26 32 39 42
06 09 18 19 25 37
09 16 17 23 26 45
03 07 09 12 33 36
04 06 10 16 25 40
07 10 13 31 35 37
03 04 13 29 36 41
03 13 14 16 23 24
09 16 18 20 32 39
13 14 20 24 25 37
16 19 23 25 39 41
06 13 16 27 28 31
09 13 21 27 44 45
01 02 09 12 23 36
09 14 15 23 35 43
16 17 19 23 25 41
02 07 12 24 27 36
01 11 12 19 36 42
02 09 10 15 27 29
07 18 19 29 37 42
03 04 13 14 25 43
06 07 11 17 31 33
04 06 10 23 25 40
10 11 12 24 40 42
02 04 12 20 34 43
01 07 19 22 33 37
04 14 21 22 34 38
06 07 10 19 23 28
08 11 14 16 18 31
06 07 11 16 25 31
06 10 13 29 37 41
03 21 22 33 37 42
04 06 10 19 20 45
03 08 10 23 31 39
01 06 11 27 34 42
08 13 20 22 35 36
03 10 14 15 24 26
14 27 28 32 37 40
07 20 25 38 39 40
07 08 09 12 27 39
03 10 20 28 40 43
03 14 28 29 34 40
03 04 24 25 33 35
10 15 30 31 37 43
03 04 10 23 31 39
11 12 20 23 28 30
02 07 17 28 39 40
06 07 15 16 20 35
01 14 18 32 35 37
03 04 20 24 31 34
03 04 10 21 28 44
10 11 23 25 30 40
06 11 12 15 39 43
01 15 19 21 34 41
06 10 16 27 28 34
04 07 10 19 23 31
10 17 25 31 39 40
06 13 18 28 29 36
04 07 16 25 29 35
02 04 10 28 29 43
08 10 15 17 43 44
04 13 14 18 28 38
01 04 06 14 25 41
01 06 13 21 33 38
04 11 17 21 32 41
13 16 19 23 25 41
04 06 10 20 35 44
04 14 20 22 40 43
07 09 21 23 26 45
03 04 14 25 27 43
02 26 28 38 42 45
07 08 16 25 30 42
03 04 06 20 28 44
03 06 07 15 20 39
01 03 23 26 27 43
02 14 25 28 29 30
04 07 13 28 29 31
07 16 20 23 26 32
07 08 32 37 41 43
07 11 17 18 24 29
03 04 06 08 32 41
04 06 13 26 28 38
06 18 23 31 32 34
01 19 28 34 41 44
06 07 19 21 27 43
01 02 09 13 17 42
04 11 17 22 28 32
01 02 09 14 22 44
02 03 28 31 32 42
04 06 14 23 28 37
06 11 17 21 40 43
01 15 27 28 34 45
07 16 21 26 34 42
01 03 08 22 27 35
07 16 20 29 35 36
07 09 10 13 19 35
11 13 17 18 29 30
07 08 10 13 31 35
03 09 12 13 21 43
04 06 10 15 25 33
03 07 15 20 21 39
08 20 27 37 42 43
04 18 20 36 42 43
06 08 20 30 35 40
04 11 16 17 32 41
06 10 15 25 26 33
13 14 23 26 35 43
01 15 19 21 34 44
04 08 09 16 19 34
01 11 17 27 35 42
03 07 09 15 33 36
02 14 19 22 32 42
03 10 25 26 34 38
09 13 15 19 21 44
03 04 22 28 35 40
03 04 13 14 18 38
09 10 15 19 30 37
03 25 29 35 42 43
04 27 28 38 40 42
03 04 08 13 19 43
11 13 20 35 43 45
11 13 16 23 24 35
01 06 17 21 29 33
08 13 26 28 33 34
10 13 16 26 33 41
14 15 19 21 29 41
06 07 16 20 23 26
04 06 24 25 34 35
01 04 13 17 18 34
08 13 19 27 32 40
09 15 21 34 41 43
03 14 29 37 38 42
03 04 09 16 30 36
01 16 19 23 24 38
03 04 12 15 16 34
03 08 15 20 35 44
04 06 12 25 26 37
01 09 21 27 35 40
07 10 19 21 31 34
04 14 23 25 29 42
03 07 10 13 25 43
01 04 06 25 26 43
02 14 15 21 22 33
03 04 09 25 33 34
07 18 27 28 29 42
06 08 14 21 26 30
06 13 16 27 28 40
03 10 12 13 15 34
03 12 13 28 33 39
06 07 10 15 34 39
03 06 09 22 34 35
04 06 21 36 38 39
09 12 14 17 23 28
09 17 18 31 32 34
16 17 19 31 34 35
04 21 26 30 32 33
08 11 12 15 17 37
19 20 21 29 33 39
04 20 34 35 43 45
02 03 09 12 23 36
06 11 15 24 26 32
02 11 13 14 24 28
01 03 11 15 18 45
02 04 06 11 29 43
03 04 14 22 28 40
03 04 11 12 31 41
04 10 11 19 35 39
06 07 16 18 20 23
02 06 07 19 27 45
09 12 15 17 31 33
06 07 09 23 26 45
01 26 31 34 42 43
06 07 11 17 33 43
02 04 11 21 29 43
07 13 16 18 28 35
03 04 16 17 19 42
06 13 23 26 35 43
02 09 10 13 22 29
06 19 26 27 41 45
03 04 15 20 28 44
01 03 10 14 36 38
01 06 09 21 32 40
04 10 13 21 39 43
04 18 19 23 30 34
06 07 16 22 26 36
06 08 10 22 35 40
03 08 15 20 22 24
03 07 12 31 34 36
03 06 07 20 22 39
16 17 19 24 33 42
04 24 25 34 35 39
01 03 08 27 34 35
01 12 18 22 23 30
02 07 11 24 26 27
02 10 11 26 31 34
07 08 12 15 29 45
07 08 09 17 33 35
03 06 16 20 28 44
02 07 10 15 21 34
07 14 17 20 36 39
01 06 12 31 35 38
03 13 27 32 42 43
07 09 13 19 24 32
03 07 11 12 17 42
01 10 14 15 32 35
04 09 14 17 26 31
01 18 19 20 24 40
04 06 13 17 26 38
10 11 24 25 35 41
04 08 18 23 24 37
07 09 12 20 27 43
03 04 24 25 30 33
01 02 16 22 24 39
03 08 10 20 35 43
01 10 24 30 31 37
10 14 21 27 31 39
07 08 16 27 41 44
02 03 07 15 27 29
01 03 14 18 28 41
01 09 10 21 35 40
02 07 18 20 23 26
18 25 26 29 34 38
01 21 36 40 41 44
07 10 15 21 34 41
07 08 09 22 27 37
16 19 24 33 40 42
03 04 09 12 30 33
03 04 08 21 32 42
03 07 14 20 21 39
07 10 12 15 24 25
10 19 20 24 38 40
03 13 19 20 32 38
03 04 07 15 31 41
03 21 28 38 40 43
16 21 28 35 37 43
07 10 19 20 24 40
01 03 06 14 26 41
07 14 27 30 38 44
02 14 22 23 42 44
06 07 10 12 22 36
01 04 08 13 19 43
01 02 11 21 30 43
03 04 16 17 19 36
01 02 14 22 23 44
03 04 09 14 25 33
02 13 14 28 29 34
12 16 21 28 35 39
01 14 15 26 40 41
02 10 18 27 31 32
07 17 18 19 26 45
03 11 14 22 35 37
02 06 13 16 29 41
06 08 17 18 21 26
03 13 16 23 24 27
12 18 25 30 39 41
06 09 20 21 22 37
03 04 07 22 31 41
01 19 21 34 41 44
04 06 25 26 30 33
06 07 11 13 33 43
06 07 12 16 22 36
03 26 27 35 38 40
06 07 10 22 26 36
11 16 23 27 33 41
07 08 18 21 23 36
03 13 19 20 21 37
08 10 14 27 38 42
04 14 15 20 22 43
06 21 31 35 38 43
03 10 11 23 31 39
11 13 14 15 34 45
02 03 13 28 29 36
07 10 11 19 23 28
06 07 16 22 32 35
07 12 16 28 30 42
01 15 26 35 41 42
02 27 28 38 42 45
06 10 17 18 21 30
02 06 18 21 34 44
01 11 12 21 34 44
03 20 21 28 40 43
03 04 20 24 33 34
16 19 31 34 35 40
03 07 14 16 30 40
06 15 20 25 26 33
08 14 19 25 26 34
03 04 06 16 28 44
07 08 09 17 33 43
04 11 17 22 30 32
06 07 22 32 35 39
06 07 10 19 28 41
01 07 18 20 30 35
03 07 09 28 33 37
01 28 31 33 41 44
01 11 16 18 24 39
03 07 08 09 27 29
07 16 20 23 26 27
01 03 06 14 25 41
01 03 12 15 21 41
04 11 13 17 32 41
02 08 12 17 30 31
06 07 10 30 38 41
04 26 33 34 38 42
03 04 15 20 35 44
10 19 20 23 34 40
04 07 21 34 37 38
01 09 21 22 27 35
06 20 21 36 38 43
09 14 20 21 22 37
06 16 18 20 23 32
03 06 09 21 22 35
06 13 18 25 28 30
03 07 09 33 36 38
01 08 09 21 27 35
02 07 15 21 32 34
07 09 14 17 36 38
01 02 06 12 19 45
02 14 28 29 34 40
14 16 21 26 34 42
07 09 14 15 23 28
06 07 09 11 15 37
08 17 18 24 30 39
03 06 07 19 20 39
03 14 18 20 42 44
01 13 14 15 26 39
08 14 15 19 21 36
03 04 06 14 25 43
09 17 18 20 26 42
01 02 15 23 28 42
07 15 20 33 43 45
07 11 16 17 18 29
07 11 12 17 18 29
13 19 20 23 32 38
06 12 17 28 43 44
03 07 10 13 25 34
01 14 20 35 38 40
10 11 12 15 25 41
01 03 09 14 18 44
03 08 30 32 33 34
03 04 17 19 20 29
02 04 13 20 36 41
02 03 09 10 27 29
01 03 14 18 28 29
11 13 14 15 36 45
19 21 26 34 41 44
09 26 31 32 33 38
06 07 22 26 36 39
01 06 08 11 18 45
06 13 18 24 28 30
01 04 12 16 18 29
04 08 21 23 33 42
07 16 18 20 32 33
08 09 14 35 39 45
03 06 07 20 29 39
03 04 06 10 28 43
03 04 12 22 25 27
07 11 13 14 33 43
02 12 18 22 23 30
01 07 22 33 35 37
03 15 24 30 31 37
11 12 20 25 32 45
06 07 15 16 31 35
11 14 15 16 43 45
02 04 06 13 17 43
10 15 30 31 32 37
07 26 27 35 38 40
02 08 14 23 27 44
11 14 15 16 35 45
01 03 21 23 24 43
02 28 29 38 42 45
03 04 12 15 17 34
03 14 15 16 19 25
04 06 25 26 33 42
01 12 14 16 36 43
10 11 12 16 24 42
07 14 17 20 28 39
10 11 19 34 35 39
06 07 10 16 38 43
01 04 06 14 32 41
18 20 26 27 32 36
06 07 09 11 17 45
08 12 17 18 24 39
13 14 26 31 35 39
04 08 17 18 24 39
03 09 16 21 22 23
06 07 14 17 20 39
18 21 30 33 34 42
03 04 14 24 25 33
03 04 16 17 19 35
04 06 16 19 24 28
06 07 16 37 38 41
03 04 09 11 22 38
01 10 11 23 24 37
04 11 20 21 23 32
03 04 15 24 25 33
03 07 14 16 24 44
08 11 15 17 25 37
11 12 14 27 32 38
04 17 24 25 34 35
02 20 35 36 41 43
14 15 19 25 26 34
03 14 20 34 42 44
02 04 11 14 29 43
10 15 19 23 30 33
10 17 18 19 23 44
09 13 14 15 35 39
06 07 11 17 35 44
12 26 28 30 33 42
02 03 09 12 23 34
12 19 26 28 30 42
01 11 12 14 29 35
01 03 08 27 28 35
07 08 21 23 29 39
04 06 09 19 24 28
10 16 26 32 33 41
07 09 21 22 27 37
10 18 21 34 41 42
01 07 22 35 37 40
10 13 19 24 33 38
07 09 20 27 35 36
07 11 28 33 37 43
04 06 09 24 25 33
03 04 12 24 32 34
06 07 08 10 16 38
02 09 10 15 22 44
06 10 12 14 17 42
07 08 15 26 27 42
03 04 17 20 27 35
03 04 12 21 24 34
06 07 11 17 18 30
07 08 18 19 29 42
04 06 10 25 26 40
08 12 18 22 23 30
06 13 20 23 28 40
11 14 22 35 37 42
13 14 15 19 21 45
01 07 14 20 25 37
01 07 11 12 23 42
04 06 10 14 17 40
06 07 11 19 40 43
03 10 20 21 35 43
01 03 07 17 26 42
03 07 09 13 19 44
01 11 14 22 35 37
01 07 19 21 29 32
04 06 20 34 35 43
02 14 23 27 29 42
06 07 09 22 27 37
04 06 08 19 25 27
04 07 23 28 37 45
14 24 25 26 34 45
02 09 14 22 28 44
01 08 10 13 34 42
03 04 12 26 34 35
09 15 19 22 23 36
03 04 07 20 28 44
03 08 09 10 27 29
11 13 14 15 22 45
03 04 12 14 24 34
08 17 26 29 30 31
04 07 21 22 37 38
01 14 15 19 21 41
07 09 27 35 36 39
03 13 21 29 38 42
09 14 18 28 42 44
06 07 14 16 24 44
01 12 16 19 22 23
07 08 32 37 42 43
03 04 24 25 31 33
03 04 12 15 18 34
01 07 12 15 23 43
07 08 20 24 36 41
03 10 13 26 32 34
06 07 15 34 35 39
04 08 14 20 22 43
03 04 07 10 28 44
04 06 10 13 25 40
06 09 19 24 26 28
02 14 15 22 33 42
03 04 17 19 22 27
01 14 15 16 34 44
01 03 09 14 28 40
04 07 16 29 35 36
04 14 23 27 29 42
03 09 10 13 26 34
03 04 06 14 29 41
03 04 09 24 25 34
09 10 13 24 27 33
03 08 20 27 35 43
04 21 24 25 34 35
03 04 09 11 30 33
02 06 18 20 21 33
03 04 09 25 27 33
01 06 08 15 18 45
01 07 12 18 25 27
01 13 14 16 33 43
03 06 07 12 22 36
11 20 25 30 32 40
03 04 09 15 25 33
11 16 21 23 27 33
01 12 20 28 36 41
11 13 15 18 26 28
03 04 14 20 22 43
06 07 13 16 25 28
01 06 10 22 35 40
06 07 16 38 39 41
06 09 10 11 15 37
03 12 13 18 33 39
06 08 22 35 42 43
01 12 14 16 34 43
03 06 13 15 16 45
08 09 14 18 42 44
03 10 11 26 31 34
01 14 16 20 34 44
06 11 14 21 32 41
14 23 26 27 35 40
06 09 18 19 25 35
08 11 17 18 21 27
06 07 10 11 36 38
02 03 09 15 29 36
09 10 12 19 20 41
03 13 15 28 41 44
03 07 11 12 20 41
08 13 14 15 33 45
04 06 08 19 20 43
01 07 20 34 37 39
02 07 08 19 32 42
03 04 12 17 22 27
03 07 14 16 39 40
02 04 13 28 29 43
01 03 07 11 22 41
07 13 19 20 32 38
06 07 12 22 36 39
09 16 18 20 32 33
06 09 11 17 18 29
08 26 28 32 33 34
03 07 19 20 21 39
06 07 11 20 39 43
01 06 13 30 35 40
01 03 09 14 28 37
07 10 11 19 21 31
06 07 22 32 35 37
04 10 18 19 20 44
03 10 16 19 31 33
03 11 14 18 27 31
06 07 19 28 32 41
01 04 06 14 31 41
06 13 14 16 24 25
07 08 13 20 22 36
07 11 19 23 28 33
03 12 13 26 33 39
07 14 16 35 39 45
01 14 28 29 34 40
01 03 09 14 18 45
01 07 12 21 29 32
02 09 14 21 22 44
03 04 09 23 25 33
10 11 19 23 28 33
16 19 26 31 34 35
01 06 08 14 30 37
04 06 10 16 26 33
09 21 34 41 42 43
03 04 16 17 19 41
16 21 26 34 41 42
03 07 14 16 29 40
04 06 08 13 19 43
03 04 20 24 25 34
06 19 20 23 28 32
09 10 13 16 24 33
04 07 08 21 23 39
11 13 16 18 24 39
04 06 10 19 25 40
09 15 19 22 30 36
06 12 13 18 28 30
03 04 20 24 26 34
04 08 16 17 19 29
11 13 15 21 26 28
07 12 16 18 23 27
08 11 15 16 17 34
07 18 20 23 26 35
03 04 14 25 35 43
04 06 25 26 31 33
14 16 33 34 35 40
06 07 21 36 38 39
03 04 06 24 25 33
02 08 17 30 31 32
06 10 12 17 18 29
01 07 17 22 28 45
10 14 15 17 31 33
03 04 08 19 25 27
01 12 14 16 39 43
07 16 29 34 35 36
03 04 09 12 24 34
07 09 10 13 35 37
03 14 16 20 42 44
06 16 18 19 24 28
07 11 16 21 27 34
07 08 17 35 39 42
11 17 18 21 27 30
03 04 10 20 24 34
01 07 12 18 27 36
07 09 10 13 35 44
03 06 07 12 17 44
02 04 21 28 29 43
08 12 15 17 43 44
16 18 20 27 32 39
07 15 20 28 33 43
12 15 17 24 27 32
11 21 25 27 32 38
01 08 14 15 18 45
01 07 12 21 32 45
03 04 12 26 32 34
07 10 28 34 36 44
04 07 13 29 31 42
11 15 16 17 23 40
03 06 07 21 29 39
08 14 27 36 42 45
06 07 14 22 26 36
03 04 12 19 27 30
04 08 09 16 19 29
01 09 14 15 40 41
06 08 09 19 41 42
01 13 14 25 34 43
03 04 07 14 25 43
07 08 24 35 36 41
01 11 15 16 17 39
04 09 20 26 27 32
01 11 12 14 35 44
03 04 11 19 22 27
06 13 16 27 28 33
04 06 10 19 20 30
04 06 13 16 27 28
07 09 21 27 35 36
07 09 13 19 24 25
06 10 13 27 28 40
07 11 15 20 35 44
04 07 09 27 35 36
03 04 10 16 19 39
01 04 07 20 34 37
06 09 11 17 18 41
06 07 22 32 35 45
11 17 32 33 35 40
15 16 17 25 31 39
07 10 11 14 36 38
10 19 20 24 28 40
11 16 18 20 24 39
02 07 15 21 34 41
07 10 12 19 23 28
03 04 17 19 20 35
06 07 13 16 25 27
08 11 19 21 25 26
03 09 11 13 19 30
04 06 14 20 22 43
02 06 11 12 26 34
04 08 09 16 19 32
04 13 19 24 34 35
03 12 13 21 26 41
11 12 14 21 27 38
12 19 21 30 33 34
01 08 10 13 35 42
12 24 26 27 39 42
03 07 14 15 22 36
02 07 08 21 23 39
14 26 33 38 39 41
12 16 18 20 23 32
03 04 12 19 27 40
16 20 21 26 34 42
10 13 17 19 33 40
07 12 15 18 24 25
01 07 31 32 34 42
08 12 15 16 17 37
04 10 16 21 26 33
03 17 20 21 27 35
01 02 15 21 28 45
01 07 20 34 37 41
11 12 14 21 32 40
11 12 16 19 24 39
03 04 12 14 25 34
15 24 30 31 32 37
01 03 14 23 27 43
04 11 17 24 32 41
01 06 12 16 36 42
03 04 16 17 19 29
04 06 10 19 20 40
06 09 13 18 25 33
04 13 17 26 28 32
03 10 14 15 16 24
01 07 09 14 20 37
09 11 19 25 28 32
06 10 11 17 18 29
06 07 13 16 25 26
07 16 20 21 27 33
01 07 11 14 34 37
02 27 28 38 42 43
07 13 14 26 35 39
03 10 13 17 26 34
11 15 16 17 25 39
02 09 17 18 26 42
03 10 13 25 26 34
01 07 26 28 32 43
04 06 13 26 28 40
09 10 13 17 24 33
02 04 14 28 29 43
03 04 09 11 22 29
07 18 20 23 24 26
11 26 33 38 39 41
06 18 26 31 32 34
11 12 14 15 18 33
06 11 14 29 42 45
01 07 14 20 37 39
10 11 12 17 24 42
10 16 18 20 32 33
03 04 17 19 20 41
01 02 14 16 19 42
09 10 15 17 30 37
04 11 13 17 31 32
01 12 14 19 36 42
03 07 14 16 36 40
06 09 17 18 21 26
01 07 32 33 34 42
11 12 14 19 21 38
06 11 16 23 25 31
06 07 08 11 15 39
13 14 26 35 39 40
02 21 28 38 42 43
06 08 14 30 37 42
07 11 24 26 27 32
16 19 23 27 33 41
04 06 18 21 33 34
11 16 18 19 27 39
02 08 17 22 30 31
06 09 18 19 25 31
04 11 15 16 17 37
06 10 17 18 19 29
03 04 16 17 19 40
03 04 06 25 26 33
06 09 18 19 25 28
19 28 30 33 34 42
03 04 13 17 26 28
01 02 07 15 23 42
06 09 11 17 18 30
03 04 12 17 24 34
01 02 07 12 23 42
01 07 08 15 32 42
02 10 17 18 31 32
10 18 19 23 27 35
01 12 16 18 19 23
04 08 19 20 42 43
04 07 10 18 19 31
06 11 14 21 41 42
21 26 30 33 34 42
02 11 17 18 24 29
01 14 21 36 40 41
04 08 11 19 25 27
01 06 14 20 36 39
04 07 18 20 23 26
03 07 10 12 31 34
06 07 08 22 26 36
11 16 18 19 24 40
10 14 33 34 35 40
06 08 14 21 30 42
03 08 16 17 19 20
04 11 13 14 17 31
03 04 12 21 26 34
10 11 17 27 28 34
10 11 12 19 24 42
04 06 13 27 28 40
02 06 07 19 21 43
11 13 14 16 42 45
01 02 09 17 19 30
02 07 09 27 35 36
04 08 09 16 19 26
09 15 16 17 31 33
13 14 20 24 25 41
06 07 08 12 22 36
09 12 20 21 26 35
08 11 15 16 17 40
03 04 10 14 36 38
13 28 31 39 40 41
03 04 10 12 24 34
04 06 10 25 26 33
02 03 09 15 29 30
12 14 17 24 26 34
17 25 26 31 39 40
04 08 16 17 19 26
06 07 08 15 34 39
04 06 17 25 26 33
13 21 24 34 35 40
03 04 17 24 25 33
03 07 15 20 35 44
04 08 19 25 26 27
13 24 26 32 34 39
03 04 12 25 26 34
03 04 16 17 19 33
03 06 07 19 21 43
03 04 16 17 38 40
03 04 12 17 26 34
04 06 13 26 28 32
06 07 08 16 38 41
07 08 13 15 18 45
06 07 11 24 26 27
11 18 26 28 40 41
08 11 16 19 25 27
01 08 16 23 24 38
10 11 19 26 31 34
07 08 14 27 36 45
01 04 07 14 34 37
09 12 19 20 21 41
06 09 11 17 18 31
03 10 12 13 26 34
07 08 11 34 36 41
13 19 21 24 32 35
04 07 12 18 23 27
04 06 21 25 26 33
06 07 08 22 32 35
20 21 25 27 32 38
04 06 10 19 20 35
01 07 14 20 36 37
07 11 14 16 41 44
04 07 20 26 27 32
03 04 17 19 20 28
01 02 06 15 16 42
17 18 25 31 33 34
01 02 15 16 19 24
11 15 16 17 22 37
07 08 14 34 36 41
09 18 20 26 27 32
06 13 16 24 25 26
07 11 14 16 21 27
02 03 09 15 24 29
13 21 24 25 34 35
13 21 24 34 35 41
03 04 17 19 20 33
03 04 16 17 19 27
03 04 16 17 19 22
02 26 33 34 42 43
04 06 24 25 26 33
11 16 17 18 24 39
11 18 19 26 40 41
16 18 20 32 33 34
01 07 14 16 34 44
03 04 12 13 26 34
04 13 17 21 26 28
03 13 14 15 40 44
06 10 17 18 21 26
04 08 09 10 16 36
06 07 19 26 28 41
10 11 12 17 28 34
01 06 12 14 36 42
04 09 13 19 26 27
04 07 12 19 21 32
06 07 13 16 27 28
02 08 15 17 22 25
04 06 13 26 28 33
04 06 20 26 27 32
07 11 12 18 23 27
01 06 07 26 28 43
07 11 16 20 21 27
04 06 17 18 21 26
13 14 26 28 35 39
10 18 19 20 24 40
18 25 26 33 34 38
06 10 14 20 21 42
11 14 33 34 35 40
12 14 21 24 26 34
06 07 08 11 17 44
10 13 19 25 33 40
03 26 31 33 38 40
07 12 21 24 26 27
03 04 16 17 19 26
03 04 16 17 19 23
03 07 08 13 15 45
08 15 16 17 25 31
06 11 19 21 27 32
13 21 24 26 34 35
13 19 21 24 25 34
04 07 08 13 15 45
07 11 19 25 28 32
01 07 11 12 15 42
07 19 20 21 33 39
04 10 11 12 20 40
03 11 12 13 19 39
04 13 18 20 26 32
12 21 26 27 32 42
10 17 18 25 38 39
11 14 18 26 27 32
03 11 14 18 20 27
07 08 09 13 15 45
14 19 25 26 34 40
13 19 21 24 26 35
03 04 16 17 19 25
03 11 14 18 20 26
08 11 15 16 17 31
03 04 17 19 20 25
09 12 18 20 24 27
03 04 17 19 20 26
11 19 20 21 33 39
04 06 13 18 26 28
07 18 19 26 28 33
04 10 11 12 20 35
03 17 18 19 23 27
08 15 16 17 22 37
03 11 14 18 19 26
04 06 24 27 34 35
04 06 13 19 21 33
11 14 19 25 26 34
11 13 14 15 42 45
12 13 14 24 26 34
07 08 34 36 41 42
11 18 26 27 28 40
04 12 18 20 21 25
04 11 12 13 17 31
01 07 08 12 15 42
04 06 13 19 26 28
04 10 11 12 20 34
21 26 27 32 33 42
06 07 19 27 28 41
14 19 26 27 34 40
20 21 26 27 32 42
11 14 19 26 27 34
14 19 25 26 28 34
06 18 19 20 28 32
06 07 19 20 28 32
03 07 08 11 16 44
14 25 26 27 34 40
13 19 20 21 24 35
10 11 12 20 25 27
19 20 21 28 33 39
07 12 19 20 21 32
07 12 19 21 27 32
07 12 14 19 21 32
03 08 10 15 29 31
04 06 13 21 26 28
17 18 20 31 32 34
06 13 20 28 35 40
